# Time-averaged data for fix myat1
# TimeStep v_delta_r
100 11.7906
200 11.9258
300 12.051
400 11.833
500 11.9574
600 12.4769
700 12.2641
800 12.006
900 11.5034
1000 11.3669
1100 11.3484
1200 11.2219
1300 11.1051
1400 10.6407
1500 10.4782
1600 10.7573
1700 10.6497
1800 10.9307
1900 11.3407
2000 10.776
2100 9.50586
2200 8.77808
2300 8.63543
2400 8.91833
2500 8.54697
2600 8.46895
2700 8.40388
2800 8.60741
2900 8.61253
3000 8.7941
3100 9.22425
3200 9.05219
3300 9.25621
3400 9.12498
3500 8.9019
3600 8.86302
3700 8.98246
3800 8.95337
3900 9.00344
4000 8.82269
4100 9.30056
4200 9.51031
4300 9.62991
4400 9.71498
4500 10.2476
4600 10.5903
4700 10.8121
4800 11.1204
4900 11.6705
5000 12.1467
5100 12.3853
5200 12.4223
5300 12.3298
5400 12.2687
5500 11.9633
5600 11.3635
5700 11.1045
5800 11.3402
5900 11.509
6000 11.5404
6100 11.5008
6200 11.3229
6300 11.3295
6400 11.662
6500 11.6422
6600 11.753
6700 11.7529
6800 11.5135
6900 11.3144
7000 11.4731
7100 11.8506
7200 11.7156
7300 10.8754
7400 11.0317
7500 10.9864
7600 11.0024
7700 11.223
7800 11.0827
7900 10.869
8000 10.9763
8100 11.0481
8200 10.8663
8300 11.0064
8400 10.7174
8500 10.2959
8600 10.2543
8700 10.2058
8800 10.5505
8900 11.0296
9000 11.0946
9100 11.2026
9200 10.835
9300 10.5814
9400 10.5999
9500 10.3598
9600 9.92482
9700 10.2211
9800 10.9177
9900 11.0914
10000 11.255
10100 11.0264
10200 10.3943
10300 10.1017
10400 9.94154
10500 9.9619
10600 10.0086
10700 10.2616
10800 10.2312
10900 10.1036
11000 10.3153
11100 10.805
11200 10.906
11300 10.8814
11400 10.4454
11500 10.1697
11600 9.97264
11700 9.94156
11800 10.0797
11900 10.2153
12000 10.0447
12100 10.0324
12200 10.1687
12300 10.3642
12400 10.7598
12500 10.6029
12600 10.6577
12700 10.486
12800 10.205
12900 10.1777
13000 10.6598
13100 10.7407
13200 10.3757
13300 10.2353
13400 10.3105
13500 10.7394
13600 10.9043
13700 10.9718
13800 10.9006
13900 10.8956
14000 10.7377
14100 10.6095
14200 10.1596
14300 10.0156
14400 9.94231
14500 10.3611
14600 10.738
14700 11.0736
14800 10.6837
14900 10.842
15000 11.3549
15100 11.3339
15200 11.3466
15300 11.1087
15400 10.7306
15500 10.6009
15600 10.5238
15700 10.2204
15800 10.2185
15900 10.0528
16000 9.72134
16100 10.1245
16200 9.83887
16300 9.58484
16400 10.1954
16500 10.6339
16600 10.6627
16700 10.2367
16800 9.78292
16900 9.94588
17000 9.94491
17100 9.49472
17200 9.34893
17300 9.30997
17400 9.51313
17500 9.42771
17600 9.63047
17700 9.59264
17800 9.21119
17900 9.10746
18000 9.0441
18100 9.26422
18200 9.58185
18300 9.89652
18400 9.93085
18500 9.28823
18600 9.07472
18700 8.57731
18800 8.11137
18900 8.10492
19000 8.63622
19100 8.95484
19200 9.12319
19300 8.71662
19400 9.02262
19500 9.29518
19600 9.30028
19700 9.13256
19800 8.99851
19900 8.7661
20000 8.75902
20100 9.56901
20200 9.54175
20300 9.14194
20400 8.95082
20500 8.57992
20600 8.83551
20700 9.07766
20800 9.19344
20900 8.67724
21000 8.48533
21100 8.64789
21200 8.62909
21300 8.17716
21400 8.15823
21500 7.92061
21600 7.86751
21700 7.90099
21800 7.98606
21900 8.12331
22000 8.1549
22100 8.12903
22200 8.16237
22300 8.10631
22400 8.03625
22500 7.96348
22600 7.82339
22700 7.58691
22800 7.55105
22900 7.2331
23000 7.28682
23100 7.61794
23200 7.56514
23300 7.65778
23400 7.68563
23500 7.43953
23600 7.4249
23700 7.68926
23800 7.6775
23900 7.59999
24000 7.25946
24100 6.92135
24200 6.93234
24300 8.27645
24400 8.69784
24500 8.38536
24600 7.9313
24700 7.38596
24800 7.43739
24900 7.61088
25000 7.95009
25100 7.71326
25200 7.98699
25300 8.48017
25400 8.7154
25500 8.50178
25600 8.15603
25700 7.93741
25800 8.01058
25900 7.98194
26000 7.93427
26100 7.97551
26200 7.7213
26300 7.47135
26400 8.23661
26500 8.87425
26600 8.70665
26700 8.13031
26800 8.33542
26900 8.41255
27000 8.00873
27100 7.54578
27200 7.77656
27300 8.06786
27400 8.43407
27500 8.89412
27600 8.75097
27700 8.65485
27800 8.17016
27900 8.67154
28000 8.40982
28100 8.68643
28200 8.94424
28300 9.14813
28400 9.21614
28500 9.15652
28600 9.06224
28700 8.84131
28800 9.08392
28900 9.73792
29000 9.98443
29100 9.46555
29200 9.12257
29300 9.0166
29400 9.13613
29500 9.38863
29600 9.25141
29700 8.84707
29800 8.48046
29900 8.88046
30000 8.82159
30100 9.00808
30200 9.43972
30300 9.69293
30400 9.83125
30500 9.74998
30600 9.55085
30700 9.71788
30800 9.38188
30900 9.28721
31000 9.19029
31100 9.1008
31200 8.64643
31300 8.34213
31400 7.93317
31500 7.56294
31600 7.65827
31700 8.16237
31800 8.58525
31900 8.80879
32000 8.64935
32100 8.5899
32200 8.65041
32300 8.52895
32400 8.3389
32500 8.10304
32600 8.18777
32700 8.14244
32800 7.99223
32900 8.52344
33000 8.73759
33100 8.80087
33200 9.27361
33300 9.83328
33400 10.0121
33500 9.96181
33600 10.2507
33700 9.81431
33800 9.37159
33900 8.81064
34000 8.10989
34100 8.26862
34200 9.08738
34300 9.70711
34400 8.73225
34500 7.94119
34600 7.64363
34700 7.76021
34800 8.17394
34900 8.80194
35000 8.79478
35100 8.79173
35200 9.00441
35300 8.74853
35400 8.10185
35500 7.65749
35600 8.24127
35700 8.79323
35800 8.58605
35900 8.37692
36000 8.54807
36100 8.40181
36200 8.3412
36300 8.14268
36400 7.53376
36500 7.86038
36600 8.55348
36700 8.78763
36800 8.89642
36900 8.69093
37000 8.21801
37100 7.95946
37200 7.96982
37300 8.54273
37400 8.93199
37500 8.4949
37600 8.4301
37700 8.30868
37800 8.73843
37900 8.58246
38000 7.97745
38100 7.92915
38200 7.61398
38300 7.15539
38400 7.1254
38500 7.08533
38600 7.27238
38700 7.27479
38800 7.78082
38900 7.82848
39000 7.75031
39100 7.36152
39200 7.0738
39300 7.142
39400 7.42946
39500 7.77691
39600 7.32556
39700 7.08171
39800 7.48129
39900 7.71418
40000 7.50081
40100 7.18889
40200 7.49634
40300 7.5971
40400 7.8188
40500 7.59862
40600 7.48602
40700 7.71383
40800 7.66301
40900 7.58951
41000 7.79855
41100 7.80701
41200 7.94927
41300 8.45333
41400 8.5732
41500 8.12555
41600 8.17592
41700 8.05272
41800 7.618
41900 7.86263
42000 8.17333
42100 7.83336
42200 7.69418
42300 7.74275
42400 7.72094
42500 8.23009
42600 8.54975
42700 8.96155
42800 8.71105
42900 8.80593
43000 9.54242
43100 9.75983
43200 9.28376
43300 9.23426
43400 9.19407
43500 9.40327
43600 9.58223
43700 9.63839
43800 9.77124
43900 9.63779
44000 9.66621
44100 9.52963
44200 8.97896
44300 8.8121
44400 8.79713
44500 8.74824
44600 8.81981
44700 9.44943
44800 9.59501
44900 9.60467
45000 10.382
45100 11.1059
45200 11.6665
45300 11.6656
45400 11.2488
45500 11.3055
45600 11.2399
45700 11.2681
45800 11.417
45900 11.5452
46000 11.544
46100 12.0383
46200 12.0655
46300 12.0805
46400 11.948
46500 11.5331
46600 11.3634
46700 11.1002
46800 11.1741
46900 11.3626
47000 11.4762
47100 11.4317
47200 11.4901
47300 11.4284
47400 11.3203
47500 10.8473
47600 10.5703
47700 11.1789
47800 11.7148
47900 11.7758
48000 11.8301
48100 11.5247
48200 11.3751
48300 11.1144
48400 11.4767
48500 11.9445
48600 11.984
48700 11.9082
48800 12.1811
48900 12.1737
49000 12.3763
49100 12.5069
49200 12.0607
49300 11.8195
49400 11.8272
49500 12.1901
49600 12.328
49700 12.6487
49800 12.6969
49900 12.5727
50000 12.4503
50100 12.2625
50200 12.2608
50300 11.874
50400 12.0571
50500 12.4674
50600 12.211
50700 12.1427
50800 12.6659
50900 12.2019
51000 12.0208
51100 11.8671
51200 12.4252
51300 12.1698
51400 12.508
51500 12.6238
51600 12.7024
51700 13.0326
51800 12.9363
51900 12.9257
52000 13.4016
52100 13.828
52200 14.1297
52300 14.0124
52400 13.8038
52500 13.9537
52600 14.2842
52700 14.1664
52800 14.1937
52900 14.2305
53000 14.3762
53100 14.5138
53200 14.2889
53300 13.9781
53400 13.9121
53500 14.216
53600 14.0905
53700 14.1328
53800 13.738
53900 13.6479
54000 13.6439
54100 13.3931
54200 13.2491
54300 13.1081
54400 12.3354
54500 12.0065
54600 12.0159
54700 12.2806
54800 12.3887
54900 12.3637
55000 12.9295
55100 13.2116
55200 13.7003
55300 13.9007
55400 13.8948
55500 14.1548
55600 13.9308
55700 13.9766
55800 13.8259
55900 13.7318
56000 13.5338
56100 12.8861
56200 12.9266
56300 13.5066
56400 13.7154
56500 13.6391
56600 13.3532
56700 13.0957
56800 13.3486
56900 13.301
57000 12.9951
57100 12.9222
57200 13.1448
57300 12.7789
57400 12.5276
57500 12.4146
57600 12.7879
57700 13.1554
57800 13.1515
57900 12.9462
58000 13.2506
58100 13.8571
58200 14.1827
58300 14.1121
58400 14.0441
58500 14.05
58600 13.978
58700 13.8137
58800 13.7288
58900 13.4766
59000 13.2335
59100 13.2813
59200 13.2578
59300 13.1502
59400 12.895
59500 12.4724
59600 12.5243
59700 12.7247
59800 12.6673
59900 12.8912
60000 12.7974
60100 12.5221
60200 12.7896
60300 13.0143
60400 13.0626
60500 13.2273
60600 13.0017
60700 12.7325
60800 12.3867
60900 11.8724
61000 11.7651
61100 11.9602
61200 11.8499
61300 12.0652
61400 12.4774
61500 12.4988
61600 12.5943
61700 12.3993
61800 12.5819
61900 12.6903
62000 12.2898
62100 11.9523
62200 11.6198
62300 11.3026
62400 10.9967
62500 11.169
62600 11.2582
62700 11.3213
62800 11.8142
62900 12.1306
63000 11.8976
63100 11.6272
63200 11.5592
63300 11.4438
63400 11.2695
63500 11.5488
63600 11.7663
63700 11.9829
63800 11.8642
63900 12.0134
64000 11.6103
64100 11.193
64200 11.0543
64300 10.8944
64400 11.3514
64500 11.4706
64600 11.307
64700 11.1707
64800 10.728
64900 11.101
65000 11.306
65100 11.3217
65200 11.1554
65300 11.4899
65400 11.0719
65500 10.8119
65600 10.5737
65700 10.4437
65800 10.7415
65900 10.7699
66000 11.0705
66100 11.2449
66200 11.032
66300 10.7868
66400 11.1061
66500 11.1114
66600 10.6519
66700 9.84539
66800 9.83118
66900 10.229
67000 10.4815
67100 10.0932
67200 9.70322
67300 9.54701
67400 10.0707
67500 10.175
67600 10.118
67700 9.88201
67800 9.63114
67900 9.59864
68000 9.74243
68100 10.2898
68200 10.4853
68300 10.2936
68400 10.4756
68500 9.96938
68600 10.4002
68700 10.6286
68800 10.4209
68900 10.349
69000 10.198
69100 9.8863
69200 9.71355
69300 9.40466
69400 9.474
69500 9.47627
69600 9.44221
69700 10.1087
69800 10.9301
69900 10.7608
70000 10.2936
70100 9.61475
70200 9.77177
70300 10.1324
70400 10.0789
70500 10.0654
70600 9.59045
70700 8.95234
70800 8.80542
70900 9.02962
71000 9.55483
71100 9.91457
71200 9.83609
71300 9.47917
71400 9.54767
71500 10.0241
71600 9.71648
71700 9.51028
71800 9.73601
71900 10.0973
72000 10.0194
72100 9.99041
72200 10.1509
72300 10.3979
72400 10.4152
72500 10.4034
72600 10.3544
72700 10.5175
72800 10.3892
72900 10.4172
73000 10.5128
73100 10.4269
73200 10.3322
73300 10.279
73400 10.5163
73500 10.0655
73600 9.72893
73700 10.0021
73800 9.98243
73900 9.7869
74000 9.99202
74100 10.3735
74200 10.9276
74300 11.1688
74400 11.2877
74500 11.1039
74600 11.1473
74700 10.527
74800 10.5237
74900 11.0071
75000 11.6771
75100 11.8134
75200 11.138
75300 10.6564
75400 10.378
75500 10.6081
75600 11.0191
75700 10.8009
75800 10.2591
75900 10.0061
76000 10.1011
76100 10.6234
76200 10.1225
76300 9.93996
76400 9.82857
76500 10.1392
76600 9.92577
76700 9.8112
76800 10.1901
76900 11.0344
77000 11.3786
77100 10.6204
77200 10.4582
77300 10.296
77400 10.0079
77500 9.82917
77600 9.97648
77700 9.88857
77800 9.92696
77900 10.1203
78000 10.5097
78100 10.3381
78200 9.37091
78300 8.6284
78400 8.79015
78500 9.63584
78600 9.56238
78700 8.82414
78800 8.72868
78900 8.91626
79000 8.54289
79100 8.72336
79200 9.31051
79300 8.67335
79400 8.8306
79500 9.6029
79600 9.50782
79700 9.52135
79800 9.69154
79900 9.90972
80000 10.1252
80100 10.1497
80200 9.76163
80300 9.22294
80400 9.4039
80500 9.68824
80600 9.61999
80700 9.88116
80800 10.2762
80900 9.88877
81000 9.8263
81100 10.2822
81200 10.4574
81300 9.95684
81400 9.12736
81500 9.2726
81600 9.94862
81700 10.0271
81800 9.86974
81900 9.83225
82000 9.61157
82100 9.55522
82200 9.80759
82300 10.0878
82400 10.456
82500 10.0458
82600 9.14206
82700 8.96758
82800 9.21201
82900 9.58475
83000 9.80834
83100 9.58002
83200 9.54888
83300 10.0158
83400 9.85297
83500 9.71562
83600 10.1457
83700 10.2053
83800 10.0924
83900 10.3732
84000 10.9975
84100 11.3555
84200 11.2619
84300 11.0818
84400 11.3158
84500 11.5951
84600 11.3915
84700 11.5625
84800 11.8702
84900 11.9359
85000 12.3588
85100 12.7112
85200 12.6106
85300 12.4565
85400 12.4344
85500 12.8831
85600 13.1779
85700 13.0937
85800 12.8579
85900 12.4056
86000 12.2611
86100 11.9168
86200 12.0805
86300 11.876
86400 11.9288
86500 12.0301
86600 12.069
86700 12.0348
86800 12.2751
86900 12.6812
87000 12.9164
87100 13.1289
87200 13.4812
87300 13.4193
87400 13.3792
87500 13.524
87600 13.3599
87700 13.3605
87800 13.2673
87900 12.9074
88000 12.6801
88100 13.1753
88200 13.7444
88300 14.1456
88400 14.187
88500 13.8902
88600 12.6843
88700 12.1189
88800 12.6094
88900 13.3825
89000 13.3756
89100 13.1182
89200 13.2207
89300 13.436
89400 13.086
89500 12.5071
89600 12.2587
89700 12.2462
89800 12.4334
89900 12.9778
90000 13.111
90100 12.8041
90200 13.0078
90300 13.472
90400 13.6754
90500 13.6508
90600 13.1548
90700 13.1145
90800 13.3133
90900 13.4838
91000 13.6315
91100 13.7776
91200 13.7476
91300 13.2615
91400 12.9567
91500 12.5736
91600 12.3666
91700 12.4534
91800 12.9121
91900 13.1788
92000 13.1306
92100 13.1283
92200 12.9684
92300 12.6731
92400 12.7235
92500 13.2466
92600 13.752
92700 14.2295
92800 14.4487
92900 14.3613
93000 14.3902
93100 14.2273
93200 14.1434
93300 14.1191
93400 14.2737
93500 13.9695
93600 13.6959
93700 13.8372
93800 14.0445
93900 14.5084
94000 14.5469
94100 14.565
94200 14.5015
94300 14.2239
94400 14.2266
94500 13.8773
94600 14.1831
94700 14.5987
94800 14.5445
94900 14.7643
95000 14.8926
95100 14.4996
95200 13.9495
95300 13.8803
95400 13.6732
95500 13.783
95600 14.1979
95700 14.2482
95800 13.949
95900 13.63
96000 13.6383
96100 13.5892
96200 14.1823
96300 14.5915
96400 14.6046
96500 14.5406
96600 14.6568
96700 15.0564
96800 15.3436
96900 15.4894
97000 15.2307
97100 14.9753
97200 14.7988
97300 14.3479
97400 13.8415
97500 13.6553
97600 13.3084
97700 13.017
97800 12.8628
97900 13.0256
98000 13.285
98100 13.2952
98200 12.7809
98300 12.3222
98400 12.1798
98500 12.5882
98600 13.2575
98700 13.3689
98800 13.6876
98900 13.7461
99000 13.844
99100 13.8131
99200 13.5512
99300 13.3402
99400 13.263
99500 13.6788
99600 13.6439
99700 13.2358
99800 13.0172
99900 13.0938
100000 13.0422
