# Time-averaged data for fix myat3
# TimeStep v_potential_energy
1000 -0.216613
2000 -0.217783
3000 -0.223955
4000 -0.216292
5000 -0.21
6000 -0.210856
7000 -0.221636
8000 -0.235852
9000 -0.228787
10000 -0.229054
11000 -0.228308
12000 -0.239017
13000 -0.237137
14000 -0.22242
15000 -0.221212
16000 -0.230286
17000 -0.233726
18000 -0.241466
19000 -0.243739
20000 -0.239392
21000 -0.231329
22000 -0.227951
23000 -0.236391
24000 -0.23179
25000 -0.227895
26000 -0.223867
27000 -0.209145
28000 -0.209916
29000 -0.218439
30000 -0.215917
31000 -0.220884
32000 -0.229661
33000 -0.220721
34000 -0.233919
35000 -0.223016
36000 -0.229204
37000 -0.241487
38000 -0.234767
39000 -0.239942
40000 -0.233389
41000 -0.224044
42000 -0.225659
43000 -0.230433
44000 -0.240374
45000 -0.23247
46000 -0.240696
47000 -0.245324
48000 -0.240415
49000 -0.217254
50000 -0.219006
51000 -0.220745
52000 -0.224864
53000 -0.227354
54000 -0.23547
55000 -0.24234
56000 -0.233344
57000 -0.226899
58000 -0.231216
59000 -0.229317
60000 -0.229851
61000 -0.225279
62000 -0.230242
63000 -0.229641
64000 -0.234894
65000 -0.23919
66000 -0.232882
67000 -0.227637
68000 -0.231596
69000 -0.241243
70000 -0.235267
71000 -0.238027
72000 -0.252731
73000 -0.250075
74000 -0.245232
75000 -0.230585
76000 -0.238499
77000 -0.242722
78000 -0.252776
79000 -0.248811
80000 -0.227046
81000 -0.228282
82000 -0.23137
83000 -0.236053
84000 -0.219589
85000 -0.219708
86000 -0.222587
87000 -0.21326
88000 -0.218001
89000 -0.216003
90000 -0.211272
91000 -0.216567
92000 -0.214881
93000 -0.223238
94000 -0.225373
95000 -0.211674
96000 -0.208765
97000 -0.216216
98000 -0.215333
99000 -0.225101
100000 -0.215066
101000 -0.224905
102000 -0.220738
103000 -0.224353
104000 -0.222266
105000 -0.22904
106000 -0.232286
107000 -0.232998
108000 -0.233288
109000 -0.233631
110000 -0.237753
111000 -0.241099
112000 -0.239605
113000 -0.242072
114000 -0.236766
115000 -0.232741
116000 -0.236179
117000 -0.234907
118000 -0.227294
119000 -0.239955
120000 -0.24059
121000 -0.234102
122000 -0.235551
123000 -0.234018
124000 -0.239735
125000 -0.240598
126000 -0.239722
127000 -0.242395
128000 -0.237928
129000 -0.237378
130000 -0.229419
131000 -0.236442
132000 -0.231813
133000 -0.231983
134000 -0.231466
135000 -0.22105
136000 -0.225628
137000 -0.222901
138000 -0.226988
139000 -0.231893
140000 -0.221911
141000 -0.223032
142000 -0.224296
143000 -0.224858
144000 -0.223072
145000 -0.231115
146000 -0.231259
147000 -0.228476
148000 -0.233458
149000 -0.234869
150000 -0.236775
151000 -0.218455
152000 -0.218089
153000 -0.231124
154000 -0.239114
155000 -0.227888
156000 -0.22309
157000 -0.221575
158000 -0.233286
159000 -0.236898
160000 -0.233997
161000 -0.230543
162000 -0.225489
163000 -0.232348
164000 -0.235532
165000 -0.232906
166000 -0.234094
167000 -0.233105
168000 -0.235737
169000 -0.231227
170000 -0.22585
171000 -0.229938
172000 -0.231277
173000 -0.231206
174000 -0.23173
175000 -0.227467
176000 -0.220979
177000 -0.215975
178000 -0.217715
179000 -0.220006
180000 -0.229342
181000 -0.225927
182000 -0.229187
183000 -0.239014
184000 -0.241894
185000 -0.237977
186000 -0.237524
187000 -0.23885
188000 -0.224442
189000 -0.220113
190000 -0.218246
191000 -0.229039
192000 -0.236207
193000 -0.226935
194000 -0.228706
195000 -0.209637
196000 -0.219584
197000 -0.222912
198000 -0.223529
199000 -0.214256
200000 -0.21707
201000 -0.225705
202000 -0.223341
203000 -0.22269
204000 -0.21562
205000 -0.205757
206000 -0.215956
207000 -0.214471
208000 -0.221381
209000 -0.223196
210000 -0.226921
211000 -0.218655
212000 -0.224983
213000 -0.21526
214000 -0.231249
215000 -0.215435
216000 -0.227304
217000 -0.219671
218000 -0.214789
219000 -0.214467
220000 -0.207275
221000 -0.217948
222000 -0.219541
223000 -0.218217
224000 -0.224147
225000 -0.21576
226000 -0.212516
227000 -0.212414
228000 -0.222033
229000 -0.22365
230000 -0.223416
231000 -0.223806
232000 -0.223813
233000 -0.225139
234000 -0.227487
235000 -0.231494
236000 -0.240554
237000 -0.238577
238000 -0.226832
239000 -0.230327
240000 -0.223782
241000 -0.212898
242000 -0.219974
243000 -0.223286
244000 -0.225003
245000 -0.227031
246000 -0.214934
247000 -0.211695
248000 -0.21447
249000 -0.218708
250000 -0.224661
251000 -0.215042
252000 -0.203429
253000 -0.213468
254000 -0.219531
255000 -0.228006
256000 -0.233236
257000 -0.229758
258000 -0.228515
259000 -0.237354
260000 -0.235407
261000 -0.22613
262000 -0.228004
263000 -0.2213
264000 -0.219122
265000 -0.218706
266000 -0.231363
267000 -0.2305
268000 -0.234093
269000 -0.231097
270000 -0.240973
271000 -0.238822
272000 -0.226868
273000 -0.227626
274000 -0.230269
275000 -0.234099
276000 -0.234215
277000 -0.22731
278000 -0.229346
279000 -0.218713
280000 -0.225896
281000 -0.224169
282000 -0.222328
283000 -0.217893
284000 -0.221379
285000 -0.224172
286000 -0.22156
287000 -0.220713
288000 -0.23741
289000 -0.23791
290000 -0.226428
291000 -0.22569
292000 -0.222809
293000 -0.225439
294000 -0.246577
295000 -0.23343
296000 -0.232582
297000 -0.229721
298000 -0.233409
299000 -0.22672
300000 -0.232561
301000 -0.240074
302000 -0.245667
303000 -0.244416
304000 -0.233071
305000 -0.234415
306000 -0.23942
307000 -0.237122
308000 -0.228823
309000 -0.232286
310000 -0.227168
311000 -0.23023
312000 -0.228297
313000 -0.227156
314000 -0.222385
315000 -0.231574
316000 -0.235352
317000 -0.230593
318000 -0.22228
319000 -0.21079
320000 -0.218744
321000 -0.220071
322000 -0.231943
323000 -0.226759
324000 -0.224687
325000 -0.220335
326000 -0.217839
327000 -0.227874
328000 -0.229881
329000 -0.223942
330000 -0.232168
331000 -0.23559
332000 -0.232879
333000 -0.232647
334000 -0.234707
335000 -0.231927
336000 -0.235565
337000 -0.238263
338000 -0.234332
339000 -0.239926
340000 -0.238763
341000 -0.238389
342000 -0.234027
343000 -0.231623
344000 -0.235635
345000 -0.23665
346000 -0.228884
347000 -0.225742
348000 -0.226268
349000 -0.213769
350000 -0.216377
351000 -0.22452
352000 -0.221373
353000 -0.223055
354000 -0.224313
355000 -0.218513
356000 -0.22828
357000 -0.23472
358000 -0.234109
359000 -0.235238
360000 -0.222966
361000 -0.231647
362000 -0.22915
363000 -0.225273
364000 -0.228683
365000 -0.229443
366000 -0.229975
367000 -0.219599
368000 -0.220514
369000 -0.228432
370000 -0.216155
371000 -0.211829
372000 -0.220362
373000 -0.221667
374000 -0.226871
375000 -0.219195
376000 -0.215076
377000 -0.222624
378000 -0.231743
379000 -0.222741
380000 -0.224265
381000 -0.220717
382000 -0.214802
383000 -0.219822
384000 -0.22132
385000 -0.233272
386000 -0.232724
387000 -0.21878
388000 -0.22818
389000 -0.224972
390000 -0.218754
391000 -0.212707
392000 -0.215097
393000 -0.208892
394000 -0.222392
395000 -0.226177
396000 -0.224818
397000 -0.226157
398000 -0.229171
399000 -0.217444
400000 -0.221352
401000 -0.216127
402000 -0.22
403000 -0.228453
404000 -0.230137
405000 -0.23365
406000 -0.221934
407000 -0.226651
408000 -0.219916
409000 -0.223711
410000 -0.221133
411000 -0.222018
412000 -0.230362
413000 -0.225106
414000 -0.23322
415000 -0.221007
416000 -0.22634
417000 -0.221884
418000 -0.217751
419000 -0.216619
420000 -0.230152
421000 -0.209871
422000 -0.219343
423000 -0.21767
424000 -0.214486
425000 -0.227971
426000 -0.235292
427000 -0.229892
428000 -0.222142
429000 -0.227638
430000 -0.22488
431000 -0.224301
432000 -0.228891
433000 -0.228275
434000 -0.232341
435000 -0.230035
436000 -0.231219
437000 -0.232795
438000 -0.234005
439000 -0.234582
440000 -0.236579
441000 -0.235651
442000 -0.23494
443000 -0.247225
444000 -0.244583
445000 -0.241511
446000 -0.239264
447000 -0.237308
448000 -0.232931
449000 -0.236276
450000 -0.239091
451000 -0.243367
452000 -0.246128
453000 -0.239177
454000 -0.231026
455000 -0.220043
456000 -0.232168
457000 -0.238004
458000 -0.241565
459000 -0.238537
460000 -0.240403
461000 -0.231794
462000 -0.231732
463000 -0.236532
464000 -0.237962
465000 -0.243165
466000 -0.242432
467000 -0.236908
468000 -0.244686
469000 -0.240965
470000 -0.234259
471000 -0.234725
472000 -0.229246
473000 -0.224008
474000 -0.231589
475000 -0.231866
476000 -0.222466
477000 -0.227118
478000 -0.232622
479000 -0.233976
480000 -0.223799
481000 -0.220514
482000 -0.217694
483000 -0.214943
484000 -0.217044
485000 -0.220967
486000 -0.210317
487000 -0.217859
488000 -0.216181
489000 -0.212777
490000 -0.210763
491000 -0.213309
492000 -0.224598
493000 -0.230412
494000 -0.222162
495000 -0.228826
496000 -0.241261
497000 -0.237911
498000 -0.222292
499000 -0.237861
500000 -0.238439
