# Chunk-averaged data for fix myac and group all
# Timestep Number-of-chunks Total-count
# Chunk Coord1 Ncount density/number
10000 50 60.00000000000001
  1 -24.5 2.113 0.004226
  2 -23.5 1.474 0.002948
  3 -22.5 2.244 0.004488
  4 -21.5 1.153 0.002306
  5 -20.5 0.461 0.000922
  6 -19.5 0.54 0.00108
  7 -18.5 0.925 0.00185
  8 -17.5 1.642 0.003284
  9 -16.5 1.4 0.0028
  10 -15.5 0.526 0.001052
  11 -14.5 1.594 0.003188
  12 -13.5 1.726 0.003452
  13 -12.5 1.017 0.002034
  14 -11.5 1.112 0.002224
  15 -10.5 0.899 0.001798
  16 -9.5 1.006 0.002012
  17 -8.5 1.896 0.003792
  18 -7.5 2.581 0.005162
  19 -6.5 1.493 0.002986
  20 -5.5 1.451 0.002902
  21 -4.5 0.515 0.00103
  22 -3.5 0.183 0.000366
  23 -2.5 0 0
  24 -1.5 0.055 0.00011
  25 -0.5 0.369 0.000738
  26 0.5 0.7 0.0014
  27 1.5 1.057 0.002114
  28 2.5 0.925 0.00185
  29 3.5 0.205 0.00041
  30 4.5 0.375 0.00075
  31 5.5 1.188 0.002376
  32 6.5 1.855 0.00371
  33 7.5 1.516 0.003032
  34 8.5 1.661 0.003322
  35 9.5 1.069 0.002138
  36 10.5 1.198 0.002396
  37 11.5 1.759 0.003518
  38 12.5 2.122 0.004244
  39 13.5 1.335 0.00267
  40 14.5 1.338 0.002676
  41 15.5 0.654 0.001308
  42 16.5 1.383 0.002766
  43 17.5 1.222 0.002444
  44 18.5 0.496 0.000992
  45 19.5 1.912 0.003824
  46 20.5 1.702 0.003404
  47 21.5 0.649 0.001298
  48 22.5 1.06 0.00212
  49 23.5 2.253 0.004506
  50 24.5 1.991 0.003982
20000 50 60.000000000000014
  1 -24.5 1.165 0.00233
  2 -23.5 1.795 0.00359
  3 -22.5 2.277 0.004554
  4 -21.5 0.901 0.001802
  5 -20.5 0.713 0.001426
  6 -19.5 1.103 0.002206
  7 -18.5 1.214 0.002428
  8 -17.5 1.322 0.002644
  9 -16.5 0.335 0.00067
  10 -15.5 0.379 0.000758
  11 -14.5 1.998 0.003996
  12 -13.5 2.509 0.005018
  13 -12.5 1.099 0.002198
  14 -11.5 0.689 0.001378
  15 -10.5 0.888 0.001776
  16 -9.5 0.792 0.001584
  17 -8.5 0.932 0.001864
  18 -7.5 2.257 0.004514
  19 -6.5 2.89 0.00578
  20 -5.5 2.245 0.00449
  21 -4.5 0.073 0.000146
  22 -3.5 0 0
  23 -2.5 0 0
  24 -1.5 0.184 0.000368
  25 -0.5 0.639 0.001278
  26 0.5 1.253 0.002506
  27 1.5 0.868 0.001736
  28 2.5 0.056 0.000112
  29 3.5 0 0
  30 4.5 0.027 5.4e-05
  31 5.5 1.213 0.002426
  32 6.5 2.049 0.004098
  33 7.5 2.105 0.00421
  34 8.5 0.761 0.001522
  35 9.5 1.177 0.002354
  36 10.5 1.146 0.002292
  37 11.5 1.081 0.002162
  38 12.5 1.394 0.002788
  39 13.5 2.06 0.00412
  40 14.5 2.097 0.004194
  41 15.5 0.558 0.001116
  42 16.5 1.331 0.002662
  43 17.5 1.769 0.003538
  44 18.5 2.288 0.004576
  45 19.5 1.469 0.002938
  46 20.5 1.252 0.002504
  47 21.5 1.625 0.00325
  48 22.5 1.016 0.002032
  49 23.5 1.843 0.003686
  50 24.5 1.163 0.002326
30000 50 59.99999999999998
  1 -24.5 2.678 0.005356
  2 -23.5 1.89 0.00378
  3 -22.5 1.262 0.002524
  4 -21.5 1.602 0.003204
  5 -20.5 1.178 0.002356
  6 -19.5 1.252 0.002504
  7 -18.5 1.327 0.002654
  8 -17.5 1.559 0.003118
  9 -16.5 0.613 0.001226
  10 -15.5 0.732 0.001464
  11 -14.5 0.736 0.001472
  12 -13.5 2.285 0.00457
  13 -12.5 2.578 0.005156
  14 -11.5 1.047 0.002094
  15 -10.5 0.716 0.001432
  16 -9.5 0.991 0.001982
  17 -8.5 1.311 0.002622
  18 -7.5 1.753 0.003506
  19 -6.5 2.047 0.004094
  20 -5.5 1.739 0.003478
  21 -4.5 0.306 0.000612
  22 -3.5 0.048 9.6e-05
  23 -2.5 0 0
  24 -1.5 0.624 0.001248
  25 -0.5 0.8 0.0016
  26 0.5 0.543 0.001086
  27 1.5 0.802 0.001604
  28 2.5 0.231 0.000462
  29 3.5 0 0
  30 4.5 0.296 0.000592
  31 5.5 0.993 0.001986
  32 6.5 0.949 0.001898
  33 7.5 1.418 0.002836
  34 8.5 1.687 0.003374
  35 9.5 1.818 0.003636
  36 10.5 0.809 0.001618
  37 11.5 0.538 0.001076
  38 12.5 2.412 0.004824
  39 13.5 2.064 0.004128
  40 14.5 1.207 0.002414
  41 15.5 1.368 0.002736
  42 16.5 2.062 0.004124
  43 17.5 2.907 0.005814
  44 18.5 1.508 0.003016
  45 19.5 0.786 0.001572
  46 20.5 0.821 0.001642
  47 21.5 1.483 0.002966
  48 22.5 1.022 0.002044
  49 23.5 0.576 0.001152
  50 24.5 0.626 0.001252
40000 50 59.999999999999986
  1 -24.5 1.447 0.002894
  2 -23.5 1.744 0.003488
  3 -22.5 1.463 0.002926
  4 -21.5 0.65 0.0013
  5 -20.5 1.601 0.003202
  6 -19.5 2.732 0.005464
  7 -18.5 0.943 0.001886
  8 -17.5 0.811 0.001622
  9 -16.5 1.321 0.002642
  10 -15.5 1.95 0.0039
  11 -14.5 2.058 0.004116
  12 -13.5 1.193 0.002386
  13 -12.5 1.302 0.002604
  14 -11.5 1.579 0.003158
  15 -10.5 1.788 0.003576
  16 -9.5 1.229 0.002458
  17 -8.5 1.441 0.002882
  18 -7.5 0.871 0.001742
  19 -6.5 0.382 0.000764
  20 -5.5 1.081 0.002162
  21 -4.5 1.054 0.002108
  22 -3.5 0.74 0.00148
  23 -2.5 0.264 0.000528
  24 -1.5 0.445 0.00089
  25 -0.5 0.352 0.000704
  26 0.5 0.389 0.000778
  27 1.5 0.306 0.000612
  28 2.5 0.49 0.00098
  29 3.5 0.396 0.000792
  30 4.5 0.104 0.000208
  31 5.5 1.258 0.002516
  32 6.5 0.326 0.000652
  33 7.5 0.507 0.001014
  34 8.5 1.645 0.00329
  35 9.5 2.439 0.004878
  36 10.5 2.105 0.00421
  37 11.5 1.788 0.003576
  38 12.5 1.175 0.00235
  39 13.5 1.909 0.003818
  40 14.5 2.231 0.004462
  41 15.5 1.858 0.003716
  42 16.5 1.79 0.00358
  43 17.5 1.272 0.002544
  44 18.5 1.779 0.003558
  45 19.5 0.461 0.000922
  46 20.5 0.484 0.000968
  47 21.5 0.353 0.000706
  48 22.5 1.381 0.002762
  49 23.5 1.781 0.003562
  50 24.5 1.332 0.002664
50000 50 60.00000000000001
  1 -24.5 0.921 0.001842
  2 -23.5 0.916 0.001832
  3 -22.5 1.533 0.003066
  4 -21.5 1.958 0.003916
  5 -20.5 2.235 0.00447
  6 -19.5 1.704 0.003408
  7 -18.5 1.453 0.002906
  8 -17.5 0.974 0.001948
  9 -16.5 1.177 0.002354
  10 -15.5 1.625 0.00325
  11 -14.5 2.057 0.004114
  12 -13.5 1.081 0.002162
  13 -12.5 0.831 0.001662
  14 -11.5 1.095 0.00219
  15 -10.5 2.471 0.004942
  16 -9.5 2.683 0.005366
  17 -8.5 1.289 0.002578
  18 -7.5 0.162 0.000324
  19 -6.5 1.215 0.00243
  20 -5.5 1.347 0.002694
  21 -4.5 0.596 0.001192
  22 -3.5 0.684 0.001368
  23 -2.5 0.14 0.00028
  24 -1.5 0.013 2.6e-05
  25 -0.5 0 0
  26 0.5 0.144 0.000288
  27 1.5 0.661 0.001322
  28 2.5 0.195 0.00039
  29 3.5 0.003 6e-06
  30 4.5 0.348 0.000696
  31 5.5 0.848 0.001696
  32 6.5 0.687 0.001374
  33 7.5 1.094 0.002188
  34 8.5 1.216 0.002432
  35 9.5 1.151 0.002302
  36 10.5 2.443 0.004886
  37 11.5 2.124 0.004248
  38 12.5 2.458 0.004916
  39 13.5 1.94 0.00388
  40 14.5 2.038 0.004076
  41 15.5 2.345 0.00469
  42 16.5 1.612 0.003224
  43 17.5 1.78 0.00356
  44 18.5 0.521 0.001042
  45 19.5 0.07 0.00014
  46 20.5 1.385 0.00277
  47 21.5 1.456 0.002912
  48 22.5 1.2 0.0024
  49 23.5 1.374 0.002748
  50 24.5 0.747 0.001494
60000 50 60.00000000000001
  1 -24.5 0.702 0.001404
  2 -23.5 1.271 0.002542
  3 -22.5 1.575 0.00315
  4 -21.5 1.737 0.003474
  5 -20.5 1.079 0.002158
  6 -19.5 2.069 0.004138
  7 -18.5 2.412 0.004824
  8 -17.5 1.87 0.00374
  9 -16.5 1.036 0.002072
  10 -15.5 0.617 0.001234
  11 -14.5 1.281 0.002562
  12 -13.5 1.924 0.003848
  13 -12.5 1.569 0.003138
  14 -11.5 2.028 0.004056
  15 -10.5 1.474 0.002948
  16 -9.5 0.657 0.001314
  17 -8.5 1.773 0.003546
  18 -7.5 2.373 0.004746
  19 -6.5 1.798 0.003596
  20 -5.5 0.965 0.00193
  21 -4.5 0.332 0.000664
  22 -3.5 0.108 0.000216
  23 -2.5 0 0
  24 -1.5 0 0
  25 -0.5 0 0
  26 0.5 0.23 0.00046
  27 1.5 0.634 0.001268
  28 2.5 0.136 0.000272
  29 3.5 0.164 0.000328
  30 4.5 0.173 0.000346
  31 5.5 1.149 0.002298
  32 6.5 1.15 0.0023
  33 7.5 1.127 0.002254
  34 8.5 1.686 0.003372
  35 9.5 1.789 0.003578
  36 10.5 1.838 0.003676
  37 11.5 2.209 0.004418
  38 12.5 1.225 0.00245
  39 13.5 1.468 0.002936
  40 14.5 2.113 0.004226
  41 15.5 2.159 0.004318
  42 16.5 1.425 0.00285
  43 17.5 1.202 0.002404
  44 18.5 0.781 0.001562
  45 19.5 0.371 0.000742
  46 20.5 1.17 0.00234
  47 21.5 1.886 0.003772
  48 22.5 1.331 0.002662
  49 23.5 1.511 0.003022
  50 24.5 0.423 0.000846
70000 50 60.00000000000001
  1 -24.5 0.489 0.000978
  2 -23.5 1.69 0.00338
  3 -22.5 2.164 0.004328
  4 -21.5 2.156 0.004312
  5 -20.5 0.791 0.001582
  6 -19.5 1.431 0.002862
  7 -18.5 2.215 0.00443
  8 -17.5 3.018 0.006036
  9 -16.5 1.533 0.003066
  10 -15.5 0.577 0.001154
  11 -14.5 1.385 0.00277
  12 -13.5 1.09 0.00218
  13 -12.5 1.931 0.003862
  14 -11.5 1.88 0.00376
  15 -10.5 1.708 0.003416
  16 -9.5 1.021 0.002042
  17 -8.5 0.659 0.001318
  18 -7.5 1.787 0.003574
  19 -6.5 2.214 0.004428
  20 -5.5 1.144 0.002288
  21 -4.5 0.117 0.000234
  22 -3.5 0 0
  23 -2.5 0 0
  24 -1.5 0 0
  25 -0.5 0.024 4.8e-05
  26 0.5 0.261 0.000522
  27 1.5 0.495 0.00099
  28 2.5 0.212 0.000424
  29 3.5 0.008 1.6e-05
  30 4.5 0 0
  31 5.5 0.563 0.001126
  32 6.5 1.498 0.002996
  33 7.5 0.783 0.001566
  34 8.5 0.904 0.001808
  35 9.5 2.246 0.004492
  36 10.5 2.938 0.005876
  37 11.5 2.044 0.004088
  38 12.5 1.953 0.003906
  39 13.5 1.425 0.00285
  40 14.5 1.564 0.003128
  41 15.5 1.465 0.00293
  42 16.5 2.189 0.004378
  43 17.5 0.847 0.001694
  44 18.5 1.083 0.002166
  45 19.5 1.465 0.00293
  46 20.5 1.469 0.002938
  47 21.5 1.783 0.003566
  48 22.5 0.665 0.00133
  49 23.5 1.093 0.002186
  50 24.5 0.023 4.6e-05
80000 50 59.99999999999999
  1 -24.5 0.793 0.001586
  2 -23.5 1.111 0.002222
  3 -22.5 2.607 0.005214
  4 -21.5 0.845 0.00169
  5 -20.5 1.713 0.003426
  6 -19.5 1.701 0.003402
  7 -18.5 1.943 0.003886
  8 -17.5 2.004 0.004008
  9 -16.5 0.866 0.001732
  10 -15.5 1.082 0.002164
  11 -14.5 2.527 0.005054
  12 -13.5 1.938 0.003876
  13 -12.5 1.095 0.00219
  14 -11.5 1.636 0.003272
  15 -10.5 1.764 0.003528
  16 -9.5 0.547 0.001094
  17 -8.5 1.054 0.002108
  18 -7.5 1.784 0.003568
  19 -6.5 1.77 0.00354
  20 -5.5 1.174 0.002348
  21 -4.5 0.347 0.000694
  22 -3.5 0.033 6.6e-05
  23 -2.5 0 0
  24 -1.5 0 0
  25 -0.5 0 0
  26 0.5 0.333 0.000666
  27 1.5 0.536 0.001072
  28 2.5 0.131 0.000262
  29 3.5 0 0
  30 4.5 0.023 4.6e-05
  31 5.5 0.606 0.001212
  32 6.5 0.961 0.001922
  33 7.5 1.259 0.002518
  34 8.5 1.503 0.003006
  35 9.5 1.654 0.003308
  36 10.5 1.936 0.003872
  37 11.5 2.681 0.005362
  38 12.5 1.896 0.003792
  39 13.5 0.967 0.001934
  40 14.5 1.498 0.002996
  41 15.5 2.592 0.005184
  42 16.5 2.047 0.004094
  43 17.5 0.735 0.00147
  44 18.5 1.329 0.002658
  45 19.5 1.624 0.003248
  46 20.5 0.891 0.001782
  47 21.5 0.56 0.00112
  48 22.5 1.399 0.002798
  49 23.5 1.233 0.002466
  50 24.5 1.272 0.002544
90000 50 59.999999999999986
  1 -24.5 1.549 0.003098
  2 -23.5 1.143 0.002286
  3 -22.5 0.714 0.001428
  4 -21.5 0.884 0.001768
  5 -20.5 2.023 0.004046
  6 -19.5 1.305 0.00261
  7 -18.5 0.659 0.001318
  8 -17.5 1.185 0.00237
  9 -16.5 1.422 0.002844
  10 -15.5 0.841 0.001682
  11 -14.5 2.593 0.005186
  12 -13.5 2.681 0.005362
  13 -12.5 1.717 0.003434
  14 -11.5 1.469 0.002938
  15 -10.5 1.191 0.002382
  16 -9.5 1.223 0.002446
  17 -8.5 1.048 0.002096
  18 -7.5 1.266 0.002532
  19 -6.5 1.503 0.003006
  20 -5.5 1.53 0.00306
  21 -4.5 0.144 0.000288
  22 -3.5 0 0
  23 -2.5 0 0
  24 -1.5 0 0
  25 -0.5 0.26 0.00052
  26 0.5 0.281 0.000562
  27 1.5 0.197 0.000394
  28 2.5 0.253 0.000506
  29 3.5 0.009 1.8e-05
  30 4.5 0.014 2.8e-05
  31 5.5 1.137 0.002274
  32 6.5 1.464 0.002928
  33 7.5 0.492 0.000984
  34 8.5 1.274 0.002548
  35 9.5 1.51 0.00302
  36 10.5 1.492 0.002984
  37 11.5 1.715 0.00343
  38 12.5 1.806 0.003612
  39 13.5 2.113 0.004226
  40 14.5 2.311 0.004622
  41 15.5 2.633 0.005266
  42 16.5 1.281 0.002562
  43 17.5 0.914 0.001828
  44 18.5 0.468 0.000936
  45 19.5 1.779 0.003558
  46 20.5 2.651 0.005302
  47 21.5 0.893 0.001786
  48 22.5 1.047 0.002094
  49 23.5 1.512 0.003024
  50 24.5 2.404 0.004808
100000 50 60.00000000000001
  1 -24.5 0.991 0.001982
  2 -23.5 1.208 0.002416
  3 -22.5 1.576 0.003152
  4 -21.5 1.517 0.003034
  5 -20.5 1.949 0.003898
  6 -19.5 0.867 0.001734
  7 -18.5 0.793 0.001586
  8 -17.5 1.487 0.002974
  9 -16.5 2.684 0.005368
  10 -15.5 2.256 0.004512
  11 -14.5 2.332 0.004664
  12 -13.5 1.794 0.003588
  13 -12.5 0.933 0.001866
  14 -11.5 0.53 0.00106
  15 -10.5 0.471 0.000942
  16 -9.5 0.712 0.001424
  17 -8.5 1.206 0.002412
  18 -7.5 2.34 0.00468
  19 -6.5 2.2 0.0044
  20 -5.5 0.556 0.001112
  21 -4.5 0.045 9e-05
  22 -3.5 0 0
  23 -2.5 0 0
  24 -1.5 0 0
  25 -0.5 0.01 2e-05
  26 0.5 0.077 0.000154
  27 1.5 0.374 0.000748
  28 2.5 0.52 0.00104
  29 3.5 0.019 3.8e-05
  30 4.5 0.06 0.00012
  31 5.5 1.062 0.002124
  32 6.5 1.344 0.002688
  33 7.5 0.846 0.001692
  34 8.5 1.354 0.002708
  35 9.5 1.827 0.003654
  36 10.5 1.16 0.00232
  37 11.5 1.38 0.00276
  38 12.5 1.539 0.003078
  39 13.5 1.92 0.00384
  40 14.5 2.279 0.004558
  41 15.5 2.295 0.00459
  42 16.5 0.948 0.001896
  43 17.5 1.156 0.002312
  44 18.5 1.218 0.002436
  45 19.5 1.649 0.003298
  46 20.5 2.05 0.0041
  47 21.5 1.037 0.002074
  48 22.5 1.753 0.003506
  49 23.5 1.775 0.00355
  50 24.5 1.901 0.003802
