# Time-averaged data for fix myat1
# TimeStep v_delta_r
100 11.9734
200 12.4281
300 13.4769
400 14.1345
500 14.8119
600 14.7962
700 14.5902
800 14.6417
900 14.9411
1000 15.6316
1100 15.945
1200 15.8294
1300 15.59
1400 15.1
1500 14.719
1600 14.5062
1700 14.3644
1800 14.1366
1900 13.4952
2000 12.8725
2100 12.487
2200 12.472
2300 12.4418
2400 12.161
2500 11.7881
2600 11.3613
2700 11.0334
2800 11.2407
2900 11.7522
3000 12.0895
3100 12.1011
3200 12.0061
3300 12.4683
3400 12.6535
3500 12.2949
3600 12.0704
3700 11.5292
3800 11.6393
3900 11.2182
4000 11.3717
4100 11.9886
4200 12.6497
4300 12.4058
4400 11.8942
4500 11.0865
4600 10.4347
4700 10.8389
4800 11.332
4900 11.3278
5000 11.0103
5100 11.4551
5200 11.8166
5300 11.4804
5400 10.7915
5500 10.4204
5600 10.0398
5700 9.79367
5800 9.62997
5900 9.20412
6000 8.57476
6100 8.14686
6200 8.29963
6300 8.33166
6400 7.78607
6500 7.32725
6600 7.75099
6700 7.95182
6800 8.04211
6900 8.29256
7000 8.35386
7100 7.9477
7200 7.59028
7300 7.24208
7400 7.10812
7500 7.09361
7600 6.78564
7700 6.62796
7800 6.76655
7900 6.53247
8000 6.08008
8100 5.56436
8200 5.28846
8300 5.30421
8400 5.27384
8500 5.41071
8600 5.44928
8700 5.32109
8800 4.78944
8900 4.24012
9000 3.39377
9100 3.34612
9200 3.45004
9300 3.7666
9400 3.63785
9500 3.48673
9600 3.81424
9700 4.3185
9800 4.9043
9900 5.02666
10000 5.00249
10100 4.97446
10200 5.20529
10300 5.59597
10400 6.16935
10500 6.7258
10600 7.52032
10700 8.21281
10800 8.57947
10900 8.42201
11000 7.97379
11100 7.65874
11200 8.07493
11300 8.30722
11400 8.11554
11500 8.44855
11600 8.47307
11700 8.50864
11800 8.60419
11900 8.68751
12000 8.41503
12100 8.28608
12200 8.33203
12300 7.89934
12400 7.48175
12500 7.62578
12600 7.79072
12700 7.91489
12800 8.2571
12900 8.53915
13000 8.63913
13100 8.43806
13200 8.17269
13300 8.02142
13400 8.05635
13500 8.66902
13600 9.2933
13700 9.33037
13800 8.99353
13900 8.41852
14000 7.81594
14100 7.40322
14200 7.79437
14300 8.75685
14400 9.38619
14500 9.75694
14600 10.0814
14700 10.4066
14800 10.7885
14900 10.9739
15000 11.0742
15100 11.1106
15200 10.9212
15300 10.6164
15400 10.4143
15500 10.1469
15600 9.58623
15700 9.11562
15800 8.79482
15900 8.72778
16000 8.67572
16100 8.66312
16200 8.8471
16300 8.68299
16400 8.39946
16500 8.48758
16600 8.83335
16700 8.77919
16800 8.43935
16900 7.97478
17000 7.48984
17100 7.09444
17200 6.92892
17300 6.56608
17400 6.50407
17500 6.91743
17600 7.30836
17700 7.70139
17800 7.74962
17900 7.6645
18000 7.29683
18100 6.79396
18200 6.61188
18300 6.68796
18400 6.86507
18500 7.09507
18600 7.19537
18700 7.0497
18800 6.65588
18900 6.58135
19000 6.68884
19100 6.7761
19200 7.09714
19300 7.40126
19400 8.01149
19500 8.73416
19600 9.19523
19700 9.93082
19800 10.4658
19900 10.7321
20000 11.1273
20100 11.4511
20200 11.4669
20300 11.5351
20400 11.8813
20500 11.9015
20600 11.3439
20700 11.3354
20800 11.4345
20900 11.6961
21000 11.9344
21100 11.9163
21200 12.2552
21300 12.6295
21400 12.7353
21500 12.8855
21600 13.0047
21700 13.3827
21800 13.7336
21900 13.9781
22000 14.3623
22100 14.4211
22200 14.7199
22300 14.599
22400 14.4421
22500 14.2369
22600 13.6629
22700 13.0004
22800 12.4936
22900 12.1192
23000 11.4846
23100 10.9426
23200 10.6673
23300 10.4075
23400 10.2466
23500 10.3437
23600 10.3932
23700 10.219
23800 9.78908
23900 9.16158
24000 8.48022
24100 7.82222
24200 6.93479
24300 6.25932
24400 6.30874
24500 6.51587
24600 6.76757
24700 7.24321
24800 7.95689
24900 8.39536
25000 8.59821
25100 8.40445
25200 8.28319
25300 8.52734
25400 8.61935
25500 8.24687
25600 8.26313
25700 8.44941
25800 8.48083
25900 8.74082
26000 9.04737
26100 8.99674
26200 8.95507
26300 9.29965
26400 9.59872
26500 9.86909
26600 10.0139
26700 9.80466
26800 9.57405
26900 9.09345
27000 8.60221
27100 8.25506
27200 7.90794
27300 7.68208
27400 7.51769
27500 7.06939
27600 7.10638
27700 7.90049
27800 7.77035
27900 7.73823
28000 7.62331
28100 7.31285
28200 6.95352
28300 6.20877
28400 5.40324
28500 5.47112
28600 5.55192
28700 5.45405
28800 5.40234
28900 5.19422
29000 5.2852
29100 5.91263
29200 6.4884
29300 6.67506
29400 6.45565
29500 6.03465
29600 5.48893
29700 5.11295
29800 5.37223
29900 5.36541
30000 5.26562
30100 5.24482
30200 4.9868
30300 4.70628
30400 4.55632
30500 4.60693
30600 5.24084
30700 6.09863
30800 6.63275
30900 6.88513
31000 6.90428
31100 6.5455
31200 6.03316
31300 5.65277
31400 4.97787
31500 4.95773
31600 4.97113
31700 4.90196
31800 5.12019
31900 5.12719
32000 5.00854
32100 4.63318
32200 4.45693
32300 4.34161
32400 4.69676
32500 4.77072
32600 4.39681
32700 4.4684
32800 4.59817
32900 4.87707
33000 5.14829
33100 5.36867
33200 5.66575
33300 5.71937
33400 5.47754
33500 5.37751
33600 5.82356
33700 6.49765
33800 6.92543
33900 7.13758
34000 7.22151
34100 7.31107
34200 7.29585
34300 6.9998
34400 6.57104
34500 6.44511
34600 6.42413
34700 6.79493
34800 7.09239
34900 6.93883
35000 6.43405
35100 6.48407
35200 7.31533
35300 7.90531
35400 8.16974
35500 8.56172
35600 9.11045
35700 9.68023
35800 10.1845
35900 10.8802
36000 11.5057
36100 11.8625
36200 12.5744
36300 12.7332
36400 12.5654
36500 12.8055
36600 13.1077
36700 13.3978
36800 13.9396
36900 14.5529
37000 14.7492
37100 14.5122
37200 14.3195
37300 14.0122
37400 13.5294
37500 13.1249
37600 12.6682
37700 12.4223
37800 11.9823
37900 11.3519
38000 10.7721
38100 10.3757
38200 10.0929
38300 10.1275
38400 10.2563
38500 10.554
38600 10.5332
38700 9.75113
38800 8.91001
38900 8.52845
39000 8.50139
39100 8.91264
39200 9.11582
39300 9.2575
39400 9.77759
39500 10.4504
39600 11.4742
39700 12.1297
39800 12.226
39900 12.1266
40000 11.8673
40100 12.1801
40200 12.4571
40300 12.658
40400 12.6906
40500 12.7322
40600 12.3127
40700 11.6744
40800 10.8618
40900 10.0709
41000 9.54674
41100 9.54713
41200 9.87747
41300 10.144
41400 9.87289
41500 9.73647
41600 9.95344
41700 10.3462
41800 11.058
41900 11.6012
42000 12.2234
42100 13.0632
42200 13.8637
42300 14.6737
42400 15.2664
42500 15.4386
42600 15.7354
42700 16.0479
42800 16.0141
42900 15.5017
43000 15.0283
43100 14.7311
43200 14.2766
43300 13.9429
43400 13.8154
43500 13.5475
43600 13.247
43700 12.7706
43800 12.3791
43900 11.7659
44000 10.7859
44100 9.86949
44200 9.24622
44300 9.0773
44400 9.4757
44500 10.3769
44600 11.2237
44700 11.5535
44800 11.2553
44900 10.4767
45000 9.18751
45100 8.06342
45200 6.61301
45300 5.43397
45400 4.8376
45500 4.73873
45600 4.94174
45700 5.03464
45800 5.14325
45900 5.21229
46000 5.50424
46100 5.83734
46200 5.94648
46300 5.8394
46400 5.75401
46500 5.69403
46600 5.77443
46700 5.669
46800 5.78796
46900 5.68585
47000 5.63029
47100 5.68173
47200 5.9509
47300 6.36226
47400 6.66261
47500 7.05403
47600 7.41401
47700 7.18458
47800 6.75667
47900 6.58132
48000 6.89141
48100 7.47289
48200 7.76278
48300 7.35611
48400 7.4319
48500 7.68868
48600 7.80443
48700 7.63413
48800 7.38459
48900 7.46668
49000 7.20595
49100 7.06081
49200 6.761
49300 6.11038
49400 5.83269
49500 5.34229
49600 5.19656
49700 4.72771
49800 4.38659
49900 4.33164
50000 4.12086
50100 4.09765
50200 4.47432
50300 4.56344
50400 4.43189
50500 4.42276
50600 4.42945
50700 4.58669
50800 4.91355
50900 5.15678
51000 5.239
51100 5.36152
51200 5.36866
51300 5.01555
51400 4.31415
51500 4.09321
51600 4.41533
51700 4.81622
51800 5.28254
51900 5.40658
52000 5.66473
52100 5.92
52200 5.93413
52300 5.89634
52400 5.97873
52500 5.95621
52600 5.93398
52700 6.11514
52800 6.43179
52900 6.58638
53000 6.69388
53100 6.36148
53200 6.19276
53300 5.83811
53400 5.72675
53500 5.7069
53600 5.31644
53700 4.78188
53800 4.41204
53900 3.77001
54000 3.47632
54100 3.8226
54200 4.59699
54300 5.51716
54400 5.97724
54500 6.05414
54600 6.38607
54700 7.02558
54800 7.25714
54900 7.3406
55000 7.4939
55100 7.89843
55200 8.21119
55300 8.68011
55400 8.86273
55500 8.94641
55600 8.82514
55700 8.5557
55800 8.45874
55900 8.46781
56000 8.02411
56100 8.2672
56200 8.74154
56300 9.04349
56400 8.98946
56500 8.75361
56600 8.54182
56700 8.38977
56800 8.25942
56900 7.98084
57000 7.35329
57100 6.27965
57200 5.61238
57300 5.29445
57400 5.07585
57500 5.14124
57600 5.3909
57700 5.59862
57800 5.71557
57900 5.50271
58000 5.08646
58100 4.58846
58200 4.3262
58300 4.28815
58400 5.06508
58500 5.37025
58600 5.14598
58700 5.50258
58800 5.61821
58900 5.8802
59000 5.85854
59100 5.80224
59200 5.60971
59300 5.43087
59400 5.48741
59500 5.4647
59600 5.13656
59700 4.86783
59800 5.17195
59900 4.99005
60000 4.57213
60100 4.8389
60200 4.94837
60300 5.00535
60400 5.22397
60500 5.02585
60600 4.82551
60700 4.66978
60800 4.70245
60900 4.73905
61000 4.53097
61100 4.64677
61200 4.76505
61300 4.95964
61400 5.00031
61500 5.06559
61600 4.87857
61700 4.77807
61800 4.61185
61900 4.33818
62000 4.70454
62100 4.99886
62200 5.13209
62300 4.84922
62400 4.50673
62500 3.90401
62600 3.61604
62700 3.75818
62800 4.49201
62900 4.96432
63000 5.6062
63100 6.18126
63200 5.97926
63300 5.89547
63400 5.77426
63500 5.82177
63600 6.31241
63700 6.67222
63800 6.59043
63900 6.37115
64000 6.05901
64100 5.68356
64200 5.51777
64300 4.87057
64400 4.37683
64500 4.45308
64600 4.79957
64700 5.15202
64800 5.35339
64900 5.22598
65000 5.25747
65100 5.44879
65200 6.24386
65300 7.07686
65400 7.73431
65500 8.07742
65600 8.09952
65700 8.01503
65800 7.80334
65900 7.63295
66000 7.68701
66100 7.6903
66200 7.90758
66300 7.96026
66400 8.20838
66500 8.09052
66600 7.31267
66700 7.05286
66800 7.41993
66900 7.96036
67000 8.17711
67100 7.73533
67200 7.17901
67300 7.19195
67400 7.05314
67500 6.96767
67600 6.71603
67700 6.67977
67800 6.54713
67900 6.45502
68000 6.21358
68100 6.27806
68200 6.73056
68300 7.24863
68400 7.46188
68500 7.55614
68600 7.46292
68700 7.01027
68800 6.78894
68900 6.75185
69000 6.87718
69100 7.0222
69200 7.02609
69300 7.15991
69400 7.22385
69500 6.86842
69600 6.60025
69700 6.72002
69800 6.73384
69900 6.56951
70000 6.77647
70100 7.13628
70200 7.22577
70300 6.90441
70400 6.31697
70500 6.0143
70600 6.20209
70700 6.55603
70800 6.51717
70900 6.36059
71000 6.41541
71100 6.55004
71200 6.32962
71300 5.9213
71400 5.99909
71500 6.32475
71600 6.76128
71700 7.02444
71800 6.96072
71900 6.9776
72000 6.98557
72100 6.97392
72200 6.89719
72300 7.11455
72400 7.23896
72500 7.1139
72600 7.00243
72700 7.06241
72800 6.99829
72900 6.83993
73000 6.93097
73100 7.2995
73200 7.90336
73300 8.09322
73400 8.01149
73500 7.77604
73600 7.83923
73700 8.15904
73800 8.44741
73900 8.6562
74000 9.09672
74100 9.17191
74200 8.99269
74300 8.82744
74400 9.02841
74500 8.99084
74600 9.17386
74700 9.49444
74800 9.343
74900 9.21085
75000 9.31977
75100 9.33474
75200 9.63093
75300 9.71178
75400 9.74588
75500 9.80152
75600 9.83372
75700 9.68338
75800 9.21716
75900 8.51277
76000 8.00298
76100 7.32339
76200 7.09924
76300 7.67016
76400 7.86036
76500 7.90928
76600 7.88138
76700 7.4556
76800 7.04171
76900 6.87029
77000 6.84742
77100 7.08463
77200 7.29792
77300 7.13181
77400 6.91324
77500 6.68566
77600 6.19315
77700 6.21245
77800 6.22207
77900 5.56249
78000 5.59373
78100 5.92444
78200 5.89163
78300 5.65629
78400 5.92349
78500 6.54038
78600 7.15995
78700 7.3796
78800 7.59912
78900 7.63244
79000 7.5824
79100 7.37897
79200 7.26466
79300 7.58175
79400 7.57074
79500 7.63566
79600 8.17598
79700 8.60033
79800 9.20064
79900 9.56785
80000 9.74373
80100 9.93546
80200 10.0136
80300 10.042
80400 10.2169
80500 10.2355
80600 9.88777
80700 9.51991
80800 9.05599
80900 8.51503
81000 8.17325
81100 7.93445
81200 7.86785
81300 7.7391
81400 7.94385
81500 8.41021
81600 8.88996
81700 9.38479
81800 9.6671
81900 9.71927
82000 9.54553
82100 9.78247
82200 9.59565
82300 9.56145
82400 9.31076
82500 9.21687
82600 8.87516
82700 8.5134
82800 8.44619
82900 8.71102
83000 8.81687
83100 8.80538
83200 8.73726
83300 8.58249
83400 8.21337
83500 7.98203
83600 8.07001
83700 8.26848
83800 8.40713
83900 8.49037
84000 8.43272
84100 8.06593
84200 7.59755
84300 7.16175
84400 6.412
84500 5.72759
84600 5.24185
84700 4.9695
84800 4.90068
84900 5.18997
85000 5.69038
85100 5.85932
85200 6.04456
85300 6.446
85400 6.88646
85500 6.78601
85600 6.16719
85700 5.60109
85800 5.153
85900 4.919
86000 4.66241
86100 5.12061
86200 5.58413
86300 5.72045
86400 5.67918
86500 5.43953
86600 4.99673
86700 4.54853
86800 4.13319
86900 3.42644
87000 3.147
87100 3.45163
87200 3.16331
87300 3.09192
87400 3.03145
87500 3.74752
87600 4.9005
87700 5.74817
87800 6.05701
87900 6.09206
88000 5.93437
88100 5.52693
88200 5.44939
88300 5.52452
88400 5.8173
88500 5.98193
88600 6.03433
88700 6.0896
88800 6.23678
88900 6.30284
89000 6.7213
89100 7.15552
89200 7.67513
89300 7.89684
89400 8.14786
89500 8.65673
89600 9.32084
89700 10.1249
89800 10.8409
89900 11.3686
90000 11.822
90100 12.0021
90200 12.1889
90300 12.4529
90400 12.6503
90500 13.0237
90600 13.3134
90700 13.0719
90800 12.9328
90900 13.1987
91000 13.5249
91100 14.026
91200 14.2513
91300 14.4279
91400 14.8459
91500 14.8272
91600 14.6907
91700 14.6501
91800 14.7965
91900 14.7224
92000 14.5801
92100 14.3404
92200 13.9676
92300 13.7176
92400 13.7593
92500 13.7705
92600 14.1057
92700 14.656
92800 15.3704
92900 16.022
93000 16.2451
93100 16.2035
93200 15.8415
93300 15.0761
93400 14.6369
93500 14.631
93600 14.1657
93700 13.8537
93800 13.7408
93900 13.5582
94000 13.2345
94100 13.0564
94200 12.7652
94300 12.4691
94400 12.2139
94500 11.8797
94600 11.6033
94700 11.5457
94800 11.664
94900 12.0411
95000 12.0625
95100 11.64
95200 10.9483
95300 10.2351
95400 9.644
95500 9.24598
95600 8.83747
95700 8.49245
95800 8.14754
95900 7.83399
96000 8.05059
96100 8.39937
96200 9.11309
96300 10.1371
96400 10.5981
96500 10.7369
96600 10.9699
96700 11.145
96800 11.2915
96900 11.4368
97000 11.6084
97100 12.0094
97200 12.0637
97300 11.986
97400 11.7268
97500 11.4352
97600 10.869
97700 10.4994
97800 10.2938
97900 10.0714
98000 9.95481
98100 9.85687
98200 9.84428
98300 9.82795
98400 10.0771
98500 10.3246
98600 10.9061
98700 11.3319
98800 11.3663
98900 11.6505
99000 11.8398
99100 12.2277
99200 12.8782
99300 13.3481
99400 13.6074
99500 13.6561
99600 13.6528
99700 13.4699
99800 13.3631
99900 13.1781
100000 13.1524
