# Time-averaged data for fix myat1
# TimeStep v_velx
100 -0.00166305
200 0.00718979
300 0.00590988
400 0.00437223
500 0.00385757
600 0.00516185
700 0.00443656
800 0.00191107
900 0.00571154
1000 -0.00125354
1100 0.0109756
1200 0.00137239
1300 0.00449292
1400 0.0149832
1500 0.00567111
1600 0.00545722
1700 0.00556954
1800 0.00607668
1900 0.00223643
2000 0.0073136
2100 0.00640363
2200 0.00889913
2300 0.00264978
2400 0.0052714
2500 0.00320959
2600 0.000782138
2700 0.00332542
2800 0.0148324
2900 0.00668515
3000 0.0135113
3100 0.0110352
3200 0.00298174
3300 0.00586957
3400 -0.0017207
3500 0.00220025
3600 0.00498063
3700 0.000572703
3800 0.000659439
3900 0.0110629
4000 0.00425594
4100 0.00773063
4200 0.00790294
4300 0.00577073
4400 -0.00315916
4500 0.00620939
4600 0.00398808
4700 0.0103973
4800 0.0102357
4900 0.00395249
5000 -0.00115866
5100 0.00769052
5200 0.00300222
5300 -0.000458513
5400 0.00363602
5500 0.00108334
5600 0.0049061
5700 0.000611475
5800 -0.00229182
5900 0.00672621
6000 0.00474365
6100 0.00965881
6200 0.00851487
6300 0.0060243
6400 0.00365277
6500 0.00619556
6600 0.00315376
6700 0.00529839
6800 0.00717541
6900 0.00397174
7000 0.00453406
7100 0.00484823
7200 0.0102807
7300 0.00427174
7400 0.00652918
7500 0.0030357
7600 0.00507309
7700 0.000601682
7800 0.00801908
7900 -0.00134447
8000 0.00390663
8100 0.00144601
8200 -0.00011896
8300 -0.000273927
8400 0.00319244
8500 0.00365414
8600 0.00140211
8700 0.00690223
8800 -0.000930424
8900 0.00536757
9000 0.00652835
9100 0.00651036
9200 0.00901951
9300 0.00886682
9400 0.00914855
9500 0.00777185
9600 0.00834656
9700 0.00213624
9800 0.00775265
9900 0.00586758
10000 0.0047825
10100 0.00863801
10200 0.0034135
10300 0.0076482
10400 0.010472
10500 0.00711585
10600 0.0069967
10700 0.00127418
10800 0.00159293
10900 0.000391899
11000 0.00402291
11100 0.0107076
11200 0.0050906
11300 0.00674123
11400 0.00391912
11500 -0.000643246
11600 0.00686276
11700 0.00658055
11800 0.00347384
11900 0.0105017
12000 0.00487508
12100 0.000585231
12200 0.00902756
12300 0.00456758
12400 0.00268182
12500 0.0053706
12600 0.0128415
12700 0.00316931
12800 0.00338998
12900 0.00812186
13000 0.00509284
13100 -0.00122532
13200 0.00300841
13300 0.0054814
13400 0.00131466
13500 0.00823792
13600 0.0105657
13700 0.00637963
13800 0.00939855
13900 0.00430359
14000 0.00585901
14100 0.00654686
14200 0.0063795
14300 -0.00501323
14400 0.00416606
14500 -0.000882709
14600 0.00758213
14700 0.0111381
14800 0.00768884
14900 0.00472578
15000 0.00333299
15100 0.00631427
15200 0.00653043
15300 0.00121233
15400 0.00229132
15500 -0.00187671
15600 0.00220822
15700 -2.77449e-07
15800 0.00363259
15900 -0.00123444
16000 0.00239325
16100 -0.00194711
16200 0.00244396
16300 0.00193907
16400 0.00462611
16500 0.00235077
16600 0.00178091
16700 0.00152489
16800 -0.00292998
16900 0.00457493
17000 0.00281202
17100 -0.000676493
17200 0.00887812
17300 0.005231
17400 0.000245741
17500 0.00662116
17600 0.00910311
17700 2.44443e-05
17800 0.00569619
17900 0.00711957
18000 0.00667388
18100 0.0102575
18200 0.00810858
18300 0.00434453
18400 0.00168709
18500 0.00450902
18600 0.0088905
18700 0.0110946
18800 -0.0044061
18900 0.00878391
19000 0.000432297
19100 0.00795806
19200 0.0078817
19300 0.00198908
19400 0.00818855
19500 0.00437553
19600 0.00401677
19700 0.00886294
19800 0.00163399
19900 0.00958734
20000 0.00577925
20100 0.00781404
20200 -0.000622326
20300 0.00579948
20400 0.00846936
20500 0.00548181
20600 0.0045489
20700 0.0106408
20800 0.0062514
20900 0.00225852
21000 0.00017801
21100 0.00246313
21200 0.00270686
21300 0.00460946
21400 0.00337127
21500 0.00270873
21600 0.00111565
21700 0.00621893
21800 0.00560222
21900 0.00749203
22000 0.000105905
22100 0.00799696
22200 0.000194696
22300 0.00036822
22400 0.00546273
22500 0.00804907
22600 0.000175413
22700 0.00137919
22800 0.00525978
22900 0.00859526
23000 0.00569509
23100 0.00732724
23200 0.0010113
23300 0.00538222
23400 0.00154821
23500 0.00797402
23600 0.00877264
23700 0.00491779
23800 0.00475438
23900 0.0108666
24000 0.009297
24100 0.00672528
24200 -0.00408788
24300 0.0038823
24400 0.00454001
24500 0.0141288
24600 0.00108924
24700 0.00381624
24800 0.00262143
24900 0.00120812
25000 0.00506679
25100 0.00528421
25200 0.00110633
25300 0.00412256
25400 0.00659321
25500 0.00470786
25600 0.0061178
25700 0.000750308
25800 0.00921399
25900 0.00574106
26000 0.00798394
26100 0.00883179
26200 0.00739546
26300 0.0115653
26400 0.0120419
26500 0.00540454
26600 0.00802442
26700 0.00599007
26800 -0.000684301
26900 0.000482138
27000 0.00390234
27100 0.0069998
27200 0.00252577
27300 0.00759675
27400 0.00940673
27500 -0.00113627
27600 0.000971752
27700 0.00674283
27800 0.00979322
27900 -0.000962116
28000 0.00437362
28100 -0.00032033
28200 0.00515738
28300 -0.000138507
28400 0.00720898
28500 0.00039798
28600 0.00602346
28700 0.00630941
28800 0.00771113
28900 0.00206626
29000 0.00986961
29100 0.00696766
29200 0.0052317
29300 0.00104796
29400 0.012209
29500 0.00951396
29600 0.00828156
29700 0.0103511
29800 0.00887125
29900 0.0062677
30000 0.00469416
30100 0.00539069
30200 0.00629593
30300 0.00368588
30400 0.00545068
30500 0.00402332
30600 0.000173441
30700 0.00457952
30800 0.00707492
30900 0.00549077
31000 0.00755503
31100 0.00700645
31200 0.00576067
31300 0.00592778
31400 0.00517181
31500 0.00910571
31600 0.00684148
31700 0.00378142
31800 0.00141657
31900 -0.000510445
32000 0.0062265
32100 0.00328975
32200 0.00277181
32300 0.0131109
32400 0.0057825
32500 0.0037122
32600 0.00158603
32700 0.00642543
32800 0.00178117
32900 0.00642347
33000 0.00682396
33100 0.00183448
33200 0.00258175
33300 0.00880473
33400 0.00572091
33500 0.00899872
33600 0.00537673
33700 -0.000110228
33800 0.00672151
33900 0.00843645
34000 0.00672443
34100 -0.000586475
34200 0.00110679
34300 0.00441908
34400 0.00821819
34500 0.00643583
34600 0.0107543
34700 0.00658134
34800 -0.00234296
34900 0.00478277
35000 0.0039819
35100 0.00331756
35200 0.00512796
35300 0.00304141
35400 0.00673618
35500 0.014845
35600 0.00318015
35700 0.00724044
35800 0.00166563
35900 0.0050283
36000 0.000352087
36100 0.00154589
36200 0.0092498
36300 0.00513553
36400 0.00493845
36500 0.00481702
36600 0.0121998
36700 0.00560396
36800 0.00537389
36900 0.00559785
37000 0.00208051
37100 0.00432573
37200 0.00517946
37300 0.00425521
37400 0.00302582
37500 0.0105681
37600 0.00928558
37700 0.00176283
37800 0.00503934
37900 0.0075633
38000 0.00614873
38100 0.00735923
38200 -0.00120667
38300 0.000521213
38400 0.00846268
38500 0.00818152
38600 0.00625909
38700 0.00847135
38800 0.00402797
38900 0.00328924
39000 0.00380281
39100 0.00880016
39200 0.00737212
39300 -0.00417789
39400 0.00919707
39500 0.00578871
39600 0.00175792
39700 0.00455005
39800 0.00250311
39900 0.00512679
40000 0.01025
40100 0.00749786
40200 0.00870811
40300 -0.00228947
40400 0.0096863
40500 0.00488851
40600 0.00549797
40700 0.00795341
40800 0.000772895
40900 0.00511109
41000 0.00222715
41100 0.00614271
41200 0.000692065
41300 0.00626825
41400 0.007661
41500 0.00982683
41600 0.00744344
41700 0.000221817
41800 -0.000546155
41900 0.00416752
42000 0.00931444
42100 0.00749013
42200 0.00336477
42300 0.00404186
42400 0.00296421
42500 0.00352329
42600 0.00593884
42700 -0.00188247
42800 0.00447161
42900 0.0121055
43000 1.84465e-05
43100 0.00586656
43200 -0.0033635
43300 -0.000269778
43400 0.00256667
43500 0.0044092
43600 0.00494689
43700 -0.000957731
43800 0.00866972
43900 0.0028808
44000 0.00615467
44100 0.000823407
44200 0.00642397
44300 0.0106327
44400 -0.00270859
44500 0.00442229
44600 0.00445432
44700 0.00368201
44800 0.00965569
44900 0.00752482
45000 0.00604978
45100 0.0113765
45200 0.00618991
45300 0.0103837
45400 0.012422
45500 0.00446551
45600 0.00872067
45700 0.00647897
45800 0.00699766
45900 0.0084001
46000 0.00216607
46100 0.0056823
46200 0.00253621
46300 0.00418501
46400 0.006413
46500 0.0061461
46600 0.00531448
46700 0.00255472
46800 0.00227566
46900 0.00841149
47000 -0.00136025
47100 0.0048027
47200 0.0071165
47300 -0.0030155
47400 0.00298504
47500 0.0046203
47600 0.00478705
47700 0.00741882
47800 0.0115718
47900 0.000346783
48000 -0.000624468
48100 0.0060085
48200 0.0107142
48300 0.00519349
48400 -0.0014226
48500 0.00487123
48600 0.00497292
48700 0.00153789
48800 0.00159584
48900 0.00420529
49000 0.0112624
49100 0.0109509
49200 0.00857002
49300 0.00636769
49400 0.013013
49500 0.0052885
49600 0.00740457
49700 0.00787475
49800 0.0115667
49900 0.0061569
50000 0.00997502
50100 0.000429075
50200 -0.000135213
50300 0.00908904
50400 0.00519951
50500 0.00508245
50600 0.00291131
50700 0.00251682
50800 -0.00016479
50900 0.00994647
51000 0.00770752
51100 0.013323
51200 0.00863881
51300 0.00649103
51400 0.00193565
51500 0.00567073
51600 0.00223448
51700 0.00222928
51800 0.00626246
51900 0.00472419
52000 0.00178107
52100 0.00358962
52200 0.00614258
52300 0.00810237
52400 0.00463382
52500 0.000567577
52600 0.00771955
52700 0.00587033
52800 0.00418746
52900 0.0040774
53000 0.00747951
53100 0.00530432
53200 0.00368921
53300 0.00427525
53400 0.000822318
53500 0.00627674
53600 0.0155009
53700 -3.88248e-05
53800 0.0053711
53900 -0.000321275
54000 0.00657192
54100 0.0160667
54200 0.00922573
54300 0.00756123
54400 -0.000647346
54500 0.00834437
54600 0.00740688
54700 0.00980721
54800 0.000502951
54900 0.00206946
55000 0.00294766
55100 0.00463358
55200 0.000718272
55300 0.00322223
55400 0.00366062
55500 0.00279869
55600 0.00835509
55700 0.00790688
55800 0.00740739
55900 0.0049633
56000 0.00412358
56100 0.00364025
56200 0.0044923
56300 -0.000965828
56400 0.00273975
56500 0.00727916
56600 0.00138591
56700 0.00707054
56800 0.0104422
56900 0.00661413
57000 0.00459738
57100 0.00369587
57200 0.00650228
57300 0.00796372
57400 0.00489459
57500 0.0102933
57600 -0.000880583
57700 0.00651533
57800 0.0069025
57900 0.00673131
58000 -0.00502938
58100 0.0050408
58200 0.0137485
58300 0.00418171
58400 7.4542e-05
58500 0.00388787
58600 0.00599323
58700 0.00683655
58800 0.00243255
58900 -0.00149628
59000 0.00907157
59100 0.00510237
59200 0.00578776
59300 -0.00366725
59400 -0.00113886
59500 -0.00171972
59600 0.00152958
59700 0.00405218
59800 0.0117736
59900 0.00417787
60000 0.00371229
60100 0.0045436
60200 0.00954094
60300 0.00992969
60400 0.0076292
60500 0.00604608
60600 0.00232534
60700 -0.00195311
60800 0.0106936
60900 0.00358254
61000 0.0108238
61100 0.0105238
61200 0.00046306
61300 -0.00245618
61400 0.00497761
61500 0.00145271
61600 0.0060774
61700 0.00548311
61800 0.0125988
61900 0.00309707
62000 0.00373888
62100 0.00945018
62200 0.00255694
62300 0.00890144
62400 -0.000197986
62500 0.00472729
62600 0.00848752
62700 0.00410524
62800 0.000713232
62900 0.00961405
63000 0.00768283
63100 0.00156697
63200 0.00479105
63300 0.00442164
63400 0.00393395
63500 0.00599636
63600 0.00156594
63700 0.00406128
63800 0.00547317
63900 0.00451361
64000 0.0065971
64100 0.00756728
64200 0.002556
64300 0.00439975
64400 0.00870397
64500 0.00398451
64600 0.00563867
64700 -0.00183739
64800 0.00542237
64900 0.00301718
65000 0.00286566
65100 0.0058902
65200 0.00353979
65300 0.00998125
65400 0.00322166
65500 0.00803602
65600 0.0070333
65700 0.0107709
65800 0.00997404
65900 0.00390048
66000 0.0101005
66100 0.00456087
66200 0.00422061
66300 0.0051699
66400 0.00491005
66500 0.00842272
66600 0.0107357
66700 0.00596287
66800 0.00815543
66900 0.000742579
67000 0.00134539
67100 0.00100425
67200 0.00618912
67300 0.00782718
67400 0.00787199
67500 0.00962254
67600 0.00659877
67700 0.00456509
67800 0.00252048
67900 0.00443261
68000 0.00654173
68100 0.00356957
68200 0.00404347
68300 0.00384819
68400 0.00247649
68500 0.00748348
68600 0.0126244
68700 0.00575799
68800 0.0131415
68900 0.00238996
69000 0.00723889
69100 0.0010951
69200 0.00220866
69300 -0.00144894
69400 0.00163795
69500 0.00296856
69600 0.00225117
69700 0.00508489
69800 0.00289107
69900 0.00446434
70000 -0.000708237
70100 0.00598941
70200 0.00663942
70300 0.00797152
70400 0.00498948
70500 0.00165544
70600 0.000471283
70700 -0.00149196
70800 -0.000713702
70900 0.00613601
71000 0.00912874
71100 0.00735703
71200 0.00871565
71300 0.00374917
71400 0.0132728
71500 0.004489
71600 0.00819588
71700 -0.00144647
71800 0.0023305
71900 0.0108912
72000 -6.59999e-05
72100 0.00146943
72200 0.00650114
72300 0.00626686
72400 0.0118644
72500 0.0065837
72600 0.0105818
72700 -0.00143088
72800 -0.00188345
72900 0.0110082
73000 0.0107566
73100 -0.00139781
73200 0.00181401
73300 0.00391199
73400 0.00699865
73500 0.00655924
73600 0.00190829
73700 0.00427389
73800 0.00806794
73900 0.00435311
74000 0.00144395
74100 0.00202202
74200 0.00156862
74300 0.00861862
74400 0.0121662
74500 0.0143598
74600 0.0102508
74700 0.00381778
74800 0.00611118
74900 0.0101089
75000 0.000764536
75100 0.00542347
75200 0.00843421
75300 0.00870567
75400 0.00646881
75500 0.00579676
75600 0.00693328
75700 0.00676133
75800 0.00687407
75900 0.00517365
76000 0.00792624
76100 0.00110029
76200 0.00233267
76300 0.0115868
76400 0.00336977
76500 0.00226582
76600 0.00304566
76700 0.000812841
76800 0.00462376
76900 -0.00345131
77000 0.0030077
77100 0.00420731
77200 -0.000234413
77300 0.00707716
77400 0.000735271
77500 -0.001544
77600 0.00325576
77700 0.00674647
77800 0.00967071
77900 0.0142894
78000 0.0115819
78100 0.00765358
78200 0.00757868
78300 0.000497432
78400 0.0112989
78500 0.0100078
78600 0.00622216
78700 0.00169401
78800 0.00374569
78900 0.004673
79000 0.00139789
79100 0.0110986
79200 0.0121364
79300 0.0118478
79400 0.00876205
79500 0.00125541
79600 0.00166857
79700 0.00885754
79800 0.00773921
79900 0.000369769
80000 0.00544138
80100 0.00792415
80200 0.00246552
80300 0.00526922
80400 0.00665288
80500 0.00484137
80600 -0.00101733
80700 0.00306788
80800 0.00522093
80900 0.00519712
81000 0.00149953
81100 0.00343766
81200 0.00300918
81300 0.00465183
81400 0.00464639
81500 -0.00360001
81600 0.0054756
81700 0.0105913
81800 -0.00550683
81900 0.00596177
82000 0.00136819
82100 0.00531777
82200 0.00330148
82300 0.00418622
82400 -0.00182839
82500 0.00413744
82600 0.00614081
82700 -0.00098673
82800 -0.00140813
82900 0.00160808
83000 0.000671608
83100 0.00429018
83200 0.00775421
83300 0.00673477
83400 0.00398308
83500 0.00286093
83600 0.00714688
83700 0.00733786
83800 0.00813774
83900 0.00446643
84000 0.00451379
84100 0.00153962
84200 0.00053902
84300 0.00965277
84400 -0.000630152
84500 0.00399733
84600 0.0126804
84700 0.00316978
84800 0.0037455
84900 0.00446209
85000 0.00386952
85100 0.00691313
85200 0.00280563
85300 -0.00086363
85400 -0.0034336
85500 0.00126638
85600 0.0052612
85700 0.00540773
85800 0.00809531
85900 0.00711401
86000 0.00361772
86100 0.000833923
86200 -0.00419006
86300 0.00474169
86400 0.00631069
86500 0.00139826
86600 0.00322618
86700 0.00214114
86800 0.0106423
86900 0.0014652
87000 0.00632649
87100 -0.000613638
87200 0.0060555
87300 0.0038381
87400 0.00975602
87500 0.0065287
87600 0.00469026
87700 0.00421618
87800 0.00720931
87900 0.00662405
88000 0.00252885
88100 -0.000149983
88200 0.0112711
88300 0.013406
88400 0.00442997
88500 -0.000445237
88600 0.00974235
88700 0.00878806
88800 0.00537569
88900 0.00151957
89000 0.00815258
89100 0.000389477
89200 0.00690795
89300 0.00879687
89400 0.005823
89500 0.00598699
89600 -5.47403e-06
89700 0.009923
89800 0.00264401
89900 0.00609914
90000 0.00544991
90100 -0.00135587
90200 0.00550251
90300 -0.00160849
90400 0.00223049
90500 0.00731549
90600 0.0027463
90700 0.00606986
90800 0.00137099
90900 0.00249153
91000 0.00523071
91100 0.00261416
91200 0.00172367
91300 0.00643833
91400 0.00301242
91500 0.00150554
91600 -0.00364758
91700 0.00588145
91800 0.00357359
91900 0.00931446
92000 0.00838209
92100 0.00595478
92200 0.00408964
92300 0.00987494
92400 0.00265415
92500 0.0050729
92600 0.0102045
92700 0.00497826
92800 0.00631924
92900 0.00822177
93000 0.00222339
93100 0.00283885
93200 0.0056205
93300 -0.00128335
93400 -0.00122658
93500 0.0143984
93600 0.0130263
93700 0.00492139
93800 0.00596441
93900 0.00292998
94000 0.00414545
94100 0.00957755
94200 0.0126437
94300 0.0014467
94400 0.00729956
94500 0.00119513
94600 -0.00108239
94700 0.00307144
94800 0.00406226
94900 0.00350798
95000 -0.0013072
95100 0.00688314
95200 -0.00511975
95300 0.00737296
95400 0.00418506
95500 0.00159493
95600 0.00790723
95700 0.00389685
95800 -0.000136431
95900 -0.00229524
96000 0.00322236
96100 0.00434956
96200 0.00137365
96300 0.0110195
96400 0.00875565
96500 0.00656295
96600 0.0107885
96700 0.00320459
96800 0.00320807
96900 -0.000251172
97000 0.00512679
97100 0.000852444
97200 0.00327783
97300 0.00759821
97400 0.00465376
97500 0.00707946
97600 0.00440696
97700 0.00523905
97800 -0.00164897
97900 0.00596478
98000 0.00709688
98100 0.0119076
98200 0.00299535
98300 0.00143589
98400 -0.00101616
98500 0.00372407
98600 0.00382342
98700 -0.000535841
98800 0.00968593
98900 0.00493105
99000 0.00786357
99100 0.00392084
99200 0.00423443
99300 -0.000171673
99400 0.00470003
99500 0.00395364
99600 0.00582019
99700 0.00355784
99800 0.00344229
99900 0.00120772
100000 0.00457799
100100 0.00928957
100200 0.000970401
100300 0.00593139
100400 0.00688408
100500 0.00634138
100600 0.00393882
100700 0.00305158
100800 -0.000720521
100900 0.00704742
101000 0.00379691
101100 -0.00575551
101200 0.00700562
101300 0.000143645
101400 0.00744017
101500 0.00134
101600 0.00243528
101700 0.00229123
101800 0.00537112
101900 0.00843437
102000 0.00464074
102100 0.00369786
102200 0.00352249
102300 0.00330687
102400 0.00518351
102500 0.00240731
102600 0.00480212
102700 0.00973402
102800 0.00362944
102900 0.0117224
103000 0.000497218
103100 0.00344712
103200 0.00878458
103300 0.00673571
103400 -0.00276438
103500 0.000807591
103600 0.00914656
103700 0.00484849
103800 0.00631359
103900 -0.000135158
104000 0.00410875
104100 0.00668957
104200 -0.00163255
104300 0.000565983
104400 0.0106421
104500 0.0116761
104600 0.00647686
104700 0.00673572
104800 0.00916496
104900 0.00450176
105000 0.000418818
105100 0.00481194
105200 0.00518864
105300 0.00444937
105400 0.00306993
105500 0.00359092
105600 0.00788245
105700 -0.00182118
105800 0.00457474
105900 0.00586064
106000 0.00571171
106100 0.00396834
106200 0.00288683
106300 0.00178755
106400 0.00509481
106500 -0.000322254
106600 0.00756496
106700 0.00691227
106800 0.00767963
106900 0.00403424
107000 0.000800342
107100 0.00704592
107200 0.00969882
107300 0.00658342
107400 0.00229002
107500 0.00740429
107600 0.00495177
107700 0.00377076
107800 0.000131672
107900 0.00413679
108000 0.0092482
108100 0.0061653
108200 0.00765731
108300 -0.00296796
108400 0.00252469
108500 0.0046607
108600 0.00276859
108700 0.0101176
108800 0.00670274
108900 0.00874149
109000 0.00762405
109100 0.00936834
109200 0.00192525
109300 0.00403399
109400 0.00354075
109500 0.0101566
109600 -0.00094153
109700 0.000239466
109800 -0.00243591
109900 0.00698046
110000 0.0128703
110100 0.00752488
110200 0.00520115
110300 0.00927193
110400 0.00794574
110500 0.0111021
110600 0.00599373
110700 0.006032
110800 0.00828678
110900 0.00555636
111000 0.00112503
111100 0.00272972
111200 0.00241663
111300 0.00657507
111400 -0.00510799
111500 0.00761369
111600 0.00435837
111700 0.00433542
111800 0.00501517
111900 0.00032266
112000 0.0035049
112100 0.00981627
112200 0.0103018
112300 0.0025349
112400 0.00358981
112500 0.00328843
112600 0.00075584
112700 -0.00142499
112800 0.00489667
112900 0.00456464
113000 0.00880276
113100 0.00712152
113200 0.00167709
113300 0.00139172
113400 0.00834503
113500 0.00442414
113600 0.000435606
113700 0.000263288
113800 0.000683218
113900 0.00119029
114000 0.00703494
114100 0.00548767
114200 0.00670239
114300 0.00376245
114400 0.004632
114500 0.00556455
114600 0.00718816
114700 0.00647322
114800 0.0131829
114900 0.00353777
115000 0.00144325
115100 0.000165062
115200 0.00407943
115300 0.00271278
115400 0.00803223
115500 -0.00259248
115600 0.00612221
115700 0.00230858
115800 0.00756302
115900 0.0116492
116000 0.00295618
116100 0.00302009
116200 0.00604383
116300 -0.00306339
116400 0.00186637
116500 0.00324778
116600 0.000797654
116700 0.0092892
116800 0.00640075
116900 -0.00213622
117000 0.00492719
117100 0.00875129
117200 0.012278
117300 0.00518281
117400 0.0011042
117500 0.00773783
117600 0.00108393
117700 0.00172056
117800 -0.00102622
117900 0.00255577
118000 0.00640034
118100 0.00609853
118200 0.00435919
118300 0.0021945
118400 0.00553116
118500 0.00332223
118600 0.00367907
118700 7.32772e-05
118800 0.00270106
118900 0.00793504
119000 0.00573734
119100 0.00925477
119200 0.00284972
119300 0.00661515
119400 0.00725065
119500 0.00547927
119600 0.00449382
119700 0.00502836
119800 0.00156563
119900 0.0035594
120000 0.0053536
120100 0.00508886
120200 0.00803532
120300 -0.00110303
120400 -0.00583531
120500 0.00222176
120600 -0.000622866
120700 0.0115321
120800 0.0119929
120900 -0.00229739
121000 0.002323
121100 0.00192301
121200 0.00864235
121300 0.00490694
121400 0.00246394
121500 0.00252465
121600 0.00754831
121700 0.003642
121800 0.00969853
121900 0.00656883
122000 0.0063069
122100 0.00198409
122200 0.00587431
122300 0.00754988
122400 0.0122891
122500 0.00807748
122600 0.00358263
122700 0.000128027
122800 0.00556756
122900 0.00514308
123000 0.00497395
123100 0.00341861
123200 0.0060534
123300 0.00723979
123400 0.00761854
123500 0.00325375
123600 0.00168115
123700 0.0100599
123800 0.00813899
123900 -0.000968112
124000 0.00285304
124100 0.00730108
124200 0.00462925
124300 0.00406887
124400 0.00836076
124500 -0.00178064
124600 0.00856823
124700 0.00586064
124800 0.00137884
124900 0.0134863
125000 0.00568289
125100 0.0149891
125200 -0.00116502
125300 0.00540655
125400 0.0032692
125500 0.00731433
125600 0.000138846
125700 0.0100406
125800 -0.000983972
125900 0.00807595
126000 -0.000710447
126100 0.00262774
126200 0.00269572
126300 0.00511558
126400 -0.00081096
126500 0.00534689
126600 0.00344616
126700 -0.0046998
126800 0.0073764
126900 0.00939168
127000 0.00555065
127100 -0.00124689
127200 0.00352827
127300 0.000518214
127400 0.00574668
127500 0.00561372
127600 0.00255877
127700 0.00623463
127800 0.00838075
127900 0.00209182
128000 -5.54575e-05
128100 -0.000515139
128200 0.00166521
128300 0.000745625
128400 0.000775616
128500 0.00166465
128600 0.0074403
128700 0.00754228
128800 0.00582755
128900 0.00294864
129000 0.00128936
129100 0.00555587
129200 0.00287259
129300 0.00920043
129400 0.0136117
129500 0.0012952
129600 -0.0022274
129700 0.0070175
129800 0.0122068
129900 0.0104702
130000 0.00664521
130100 0.0099583
130200 0.00552152
130300 0.00696134
130400 0.00551448
130500 0.0109434
130600 0.00184095
130700 0.00446802
130800 0.00459275
130900 0.00414847
131000 0.00707245
131100 0.00607337
131200 0.0153829
131300 0.00320271
131400 0.00936061
131500 0.00297749
131600 0.00594912
131700 0.00462675
131800 0.00502824
131900 0.0100541
132000 0.00372153
132100 0.00362686
132200 0.00472012
132300 0.00450828
132400 0.00714586
132500 0.00520391
132600 0.00845094
132700 0.00501215
132800 0.00178053
132900 0.00140792
133000 0.00230754
133100 0.00183659
133200 0.00667664
133300 0.0109946
133400 0.00475715
133500 0.00713971
133600 0.00612487
133700 0.000966868
133800 -0.000485757
133900 0.00557219
134000 -0.0033056
134100 0.00640953
134200 0.00834582
134300 0.00744568
134400 0.00774387
134500 0.00522912
134600 0.00148244
134700 0.0010601
134800 0.00122262
134900 0.00297455
135000 0.0113512
135100 0.00590043
135200 0.00578769
135300 0.00652541
135400 0.00730806
135500 0.00892606
135600 0.011956
135700 0.00961918
135800 0.00916457
135900 0.00593496
136000 0.00714578
136100 0.00443486
136200 0.00446052
136300 0.000124932
136400 0.00700892
136500 0.00446716
136600 0.00652147
136700 0.0080815
136800 -0.000656537
136900 0.000664816
137000 0.00557904
137100 0.00500356
137200 0.0035346
137300 0.00859236
137400 0.00675513
137500 0.00801973
137600 0.00172726
137700 0.00766618
137800 0.00292211
137900 0.00623679
138000 0.0030935
138100 0.00460057
138200 0.000169561
138300 0.00996048
138400 0.00143665
138500 0.0102038
138600 0.00500712
138700 0.000823113
138800 0.00700051
138900 0.0030286
139000 0.00818124
139100 0.00254437
139200 0.00522257
139300 0.0012796
139400 0.00161938
139500 0.00123685
139600 0.0023107
139700 0.00968079
139800 -0.00170479
139900 0.00528494
140000 0.0101411
140100 0.00479688
140200 0.00211813
140300 0.0084799
140400 0.00358145
140500 0.00694765
140600 0.00876944
140700 0.00785978
140800 0.000411803
140900 -0.000248625
141000 0.00240722
141100 0.00949145
141200 0.0108838
141300 0.00348208
141400 0.00234665
141500 0.0122507
141600 0.00100022
141700 0.00396997
141800 0.00715115
141900 0.00442165
142000 0.00442948
142100 0.011639
142200 3.79254e-05
142300 0.000223078
142400 0.00559533
142500 -0.00227865
142600 0.00282945
142700 0.00398236
142800 0.00694141
142900 0.00558065
143000 0.0102851
143100 0.0078736
143200 0.000912459
143300 -0.000116349
143400 -0.000871515
143500 0.00355172
143600 0.00870113
143700 0.000163521
143800 0.00250048
143900 0.00588077
144000 0.00284836
144100 0.0061431
144200 0.0123204
144300 0.00527638
144400 0.0122768
144500 0.00869416
144600 0.00384964
144700 0.00315676
144800 0.00943162
144900 0.00788046
145000 0.00967272
145100 0.00849101
145200 -0.000136066
145300 0.00708617
145400 0.00189569
145500 0.00605968
145600 0.00545859
145700 0.00417544
145800 0.00150731
145900 0.00691908
146000 0.00884758
146100 0.0052286
146200 0.00663907
146300 -0.00118281
146400 0.00314864
146500 0.00256878
146600 0.0077955
146700 0.00473659
146800 0.006254
146900 0.0147858
147000 0.008754
147100 0.00553266
147200 0.00117028
147300 0.00542456
147400 0.00360372
147500 0.00616547
147600 0.0097745
147700 0.00890451
147800 0.0145639
147900 0.00661548
148000 0.00833602
148100 0.00741268
148200 0.0119649
148300 0.00170973
148400 0.0052467
148500 0.000670498
148600 0.00619991
148700 0.00466168
148800 0.00446586
148900 -0.00117152
149000 0.00461792
149100 0.00336905
149200 0.00687111
149300 0.00669655
149400 0.00654737
149500 0.0138754
149600 0.0141414
149700 0.000507664
149800 -0.00193526
149900 0.0039368
150000 0.00599238
150100 0.00221078
150200 0.0119873
150300 0.00688703
150400 0.0115285
150500 0.00940392
150600 0.00725017
150700 0.00421707
150800 0.00380968
150900 0.00203298
151000 -0.00154882
151100 0.00504551
151200 0.00421316
151300 0.00613661
151400 0.00758512
151500 0.00709798
151600 0.00952372
151700 -0.00448673
151800 0.00802069
151900 0.00249714
152000 0.00866051
152100 0.00386878
152200 0.00882525
152300 0.00308643
152400 0.00491502
152500 0.00167545
152600 0.00711219
152700 0.00494634
152800 0.00953851
152900 0.00938435
153000 0.00792279
153100 0.00511004
153200 0.00291311
153300 0.00457211
153400 0.0030145
153500 0.00384468
153600 0.00357712
153700 0.0013639
153800 0.00407149
153900 2.31417e-05
154000 0.00468863
154100 0.0123768
154200 0.00302427
154300 0.00977031
154400 0.00396187
154500 0.00443834
154600 0.00340514
154700 0.0106645
154800 0.0135168
154900 0.00354319
155000 0.0035199
155100 0.00607611
155200 0.00841129
155300 0.0115022
155400 0.00458838
155500 0.00116035
155600 0.00433657
155700 0.00800165
155800 0.00695739
155900 0.00840321
156000 0.00513082
156100 0.00583028
156200 0.00689217
156300 0.00275879
156400 0.00971926
156500 0.00285636
156600 0.00476383
156700 0.00577915
156800 0.00300705
156900 0.0058341
157000 0.00509141
157100 0.00482819
157200 0.00942608
157300 0.00535828
157400 0.00387069
157500 0.00843838
157600 0.00292641
157700 0.00815942
157800 0.0039224
157900 0.0035877
158000 -0.0030258
158100 -0.00286905
158200 -0.000821381
158300 0.00219905
158400 0.00659038
158500 0.0016855
158600 0.00566383
158700 0.00494582
158800 0.0133605
158900 0.00342697
159000 0.000747332
159100 0.00758242
159200 0.00256064
159300 0.0116915
159400 0.00793069
159500 0.00620104
159600 -0.00124984
159700 0.00404764
159800 0.00462448
159900 0.0080036
160000 0.00951741
160100 0.00502115
160200 0.0102804
160300 0.00161281
160400 0.00626441
160500 0.00715078
160600 0.00525545
160700 0.000856229
160800 0.00428445
160900 0.0056165
161000 0.00404759
161100 0.0032144
161200 0.00415559
161300 0.0131707
161400 0.00265573
161500 -0.000116468
161600 -0.00349336
161700 -0.00108317
161800 0.0113818
161900 0.0116982
162000 0.0106968
162100 0.0097822
162200 0.0020414
162300 0.000902201
162400 0.00453598
162500 0.00923283
162600 0.000294243
162700 0.00284989
162800 0.00301134
162900 0.007135
163000 -0.00224268
163100 0.00812292
163200 0.00745575
163300 3.54866e-05
163400 0.00861461
163500 0.00904553
163600 -0.000484621
163700 0.00635029
163800 0.0130618
163900 -0.00223649
164000 0.0080033
164100 0.00729896
164200 0.00433902
164300 0.00495343
164400 0.00702537
164500 0.00993413
164600 0.00323091
164700 0.00673317
164800 0.0130147
164900 0.00602815
165000 0.00289404
165100 0.00811464
165200 0.000521809
165300 0.00352137
165400 0.00498828
165500 0.00905276
165600 0.00770479
165700 0.00547346
165800 0.00388158
165900 0.00859572
166000 0.011147
166100 0.00632183
166200 -0.00102808
166300 -0.000288634
166400 0.00696428
166500 0.0110631
166600 0.0115488
166700 0.0115159
166800 0.000618831
166900 -0.00571187
167000 0.00105651
167100 0.0116252
167200 0.005679
167300 0.00547469
167400 0.00316311
167500 -0.000979716
167600 0.00550426
167700 -0.00268314
167800 0.00911896
167900 0.00171176
168000 0.00717372
168100 0.00274745
168200 0.0113989
168300 0.00348725
168400 0.00648117
168500 0.00465089
168600 0.00223039
168700 0.00207703
168800 0.000249709
168900 0.00346554
169000 0.00797802
169100 0.011014
169200 0.00453566
169300 0.00655856
169400 0.00344606
169500 0.00353105
169600 0.00673837
169700 0.00776875
169800 0.00887753
169900 0.00683588
170000 0.00634582
170100 0.0039636
170200 0.00688794
170300 0.00229878
170400 0.0050412
170500 0.0103046
170600 0.00284834
170700 0.0106489
170800 0.00306772
170900 0.00511767
171000 0.00265093
171100 0.00551873
171200 -0.00484448
171300 0.00290556
171400 0.0063721
171500 0.00487124
171600 0.00258774
171700 0.00226386
171800 0.0065783
171900 0.00876789
172000 0.0113933
172100 0.0145266
172200 0.00763198
172300 0.00791934
172400 0.0036812
172500 0.00393876
172600 0.0044427
172700 0.00201433
172800 0.000300129
172900 0.004061
173000 0.00584303
173100 0.00958887
173200 0.00112705
173300 0.00621079
173400 0.00275705
173500 0.00551831
173600 0.00545554
173700 -7.08113e-05
173800 0.00401147
173900 -0.00303548
174000 0.00577331
174100 0.00522026
174200 0.00829507
174300 0.00204823
174400 0.0107914
174500 0.00824741
174600 0.00263975
174700 0.000464122
174800 0.00193825
174900 0.00336496
175000 0.00842778
175100 0.0107635
175200 0.00618969
175300 0.00164033
175400 0.0112497
175500 0.00697893
175600 0.00477081
175700 0.00294162
175800 0.00418733
175900 0.00912921
176000 0.00707673
176100 0.000875754
176200 0.00739238
176300 0.00399101
176400 0.00468043
176500 0.00281293
176600 0.00288625
176700 0.000619897
176800 0.00367688
176900 0.00641251
177000 0.00895249
177100 0.00582117
177200 0.00670708
177300 0.00434218
177400 0.00494586
177500 0.00262363
177600 0.00473406
177700 0.00139676
177800 0.0106025
177900 0.00242891
178000 0.0114415
178100 0.00994674
178200 0.00431238
178300 0.00501022
178400 0.00355262
178500 0.00974015
178600 0.00618897
178700 0.00316332
178800 -0.00100707
178900 0.00260717
179000 0.00687289
179100 0.00394373
179200 0.00471645
179300 0.00761755
179400 0.00613931
179500 0.00637732
179600 0.00226853
179700 0.0024504
179800 0.00169444
179900 0.00327499
180000 0.00467902
180100 0.0146283
180200 0.00599803
180300 -0.00261599
180400 0.00511129
180500 -0.000278017
180600 0.00239081
180700 0.00429012
180800 0.00399239
180900 0.00527706
181000 0.00706563
181100 0.0101631
181200 0.00569365
181300 0.0137004
181400 0.00598255
181500 0.00353797
181600 0.00764971
181700 0.00291787
181800 0.0028633
181900 0.00961962
182000 0.00238955
182100 0.00304911
182200 0.00410975
182300 0.00579738
182400 0.000261486
182500 0.00681462
182600 0.00689803
182700 0.0085597
182800 0.00476281
182900 0.00724715
183000 0.00194681
183100 0.00301981
183200 0.00643448
183300 0.00440994
183400 0.00604272
183500 0.00382576
183600 0.00195416
183700 0.00627856
183800 0.0042443
183900 0.0132468
184000 0.00968528
184100 0.00499764
184200 0.00397188
184300 0.0126785
184400 0.00674551
184500 0.00368113
184600 0.00570159
184700 0.00688664
184800 0.00098501
184900 0.00394735
185000 0.00474513
185100 0.0065391
185200 0.011162
185300 0.0100853
185400 0.00974764
185500 0.00683126
185600 0.00440567
185700 0.0049053
185800 0.00575092
185900 0.0061733
186000 0.0132252
186100 0.0014599
186200 0.00743729
186300 0.00339787
186400 -0.00383667
186500 -0.00100686
186600 0.00804268
186700 0.00393805
186800 0.00705733
186900 0.00751997
187000 0.00102471
187100 0.000526523
187200 0.0113643
187300 0.00581597
187400 0.00878774
187500 0.00178651
187600 0.000985665
187700 0.00253278
187800 0.00729353
187900 0.00389517
188000 0.00847366
188100 0.00501028
188200 0.00425211
188300 0.00734463
188400 0.00532691
188500 0.00932607
188600 0.0076384
188700 0.0039978
188800 0.00976394
188900 0.00184893
189000 0.00960483
189100 0.00762743
189200 0.00531755
189300 0.0114981
189400 0.0038529
189500 0.00332388
189600 0.010407
189700 0.00461832
189800 -0.00206361
189900 0.00445883
190000 0.00516212
190100 0.00434887
190200 0.00437407
190300 0.000834916
190400 0.00354826
190500 0.00580134
190600 0.00329529
190700 -0.000270891
190800 0.00921787
190900 0.00292559
191000 -0.00361822
191100 0.00646249
191200 0.00891823
191300 0.00274135
191400 0.000241255
191500 0.00218617
191600 0.00502309
191700 0.00939786
191800 0.00679384
191900 0.00559038
192000 0.00292146
192100 0.00479852
192200 0.00237312
192300 0.011079
192400 -0.000409736
192500 0.0055686
192600 0.00341783
192700 0.0035132
192800 0.0090796
192900 0.0103196
193000 0.00757437
193100 0.000234071
193200 0.00968574
193300 0.00436712
193400 0.00027738
193500 0.010822
193600 0.00588912
193700 0.00028527
193800 0.00417949
193900 0.00103238
194000 0.0066118
194100 0.00312443
194200 0.00511779
194300 0.00659922
194400 0.00900467
194500 0.00502185
194600 -2.44132e-05
194700 0.00719405
194800 0.00695691
194900 0.0072159
195000 0.00568958
195100 0.00402366
195200 0.00812408
195300 0.00272601
195400 0.00242259
195500 2.56882e-05
195600 0.00618074
195700 0.00535283
195800 0.00467975
195900 0.00656948
196000 -0.00172644
196100 0.000843902
196200 0.0142582
196300 -0.000640202
196400 0.00494232
196500 0.00501577
196600 0.00383255
196700 0.0021748
196800 0.00415241
196900 0.0029502
197000 -1.31031e-05
197100 0.00474366
197200 0.000974143
197300 -0.000817234
197400 0.00282634
197500 0.00990195
197600 0.000384833
197700 0.00836742
197800 0.00273603
197900 0.00250464
198000 0.00378603
198100 0.00468337
198200 0.00724244
198300 0.00467432
198400 0.00816852
198500 0.00700262
198600 0.00366618
198700 0.00574109
198800 0.00279161
198900 0.00292831
199000 0.0068336
199100 0.00913776
199200 0.0088745
199300 0.0127129
199400 0.00568649
199500 0.00156585
199600 0.00253218
199700 0.00210834
199800 0.000721803
199900 0.00766368
200000 0.00625994
200100 0.00426284
200200 0.0053834
200300 0.0131296
200400 0.00520613
200500 -0.00253384
200600 0.00965017
200700 0.00822562
200800 0.00994115
200900 0.0102457
201000 0.00395045
201100 0.00034841
201200 0.00468016
201300 0.0080693
201400 0.0091826
201500 0.00474237
201600 0.0105467
201700 0.00400859
201800 0.00341186
201900 0.0102311
202000 0.0137635
202100 -0.000402201
202200 0.00436478
202300 0.00324965
202400 0.00683669
202500 0.0111845
202600 0.00940835
202700 0.00573264
202800 0.00316233
202900 0.00325122
203000 0.00598912
203100 0.00752167
203200 0.00511143
203300 0.0104666
203400 0.00732041
203500 0.00401829
203600 0.00499668
203700 0.00766934
203800 0.00643993
203900 0.00394131
204000 0.00330962
204100 0.00602696
204200 0.00784461
204300 -0.00263896
204400 0.00276365
204500 0.00386056
204600 0.00681663
204700 0.00557013
204800 0.00415507
204900 0.00810691
205000 0.00752457
205100 0.00257473
205200 0.00362843
205300 0.00847131
205400 -0.00110368
205500 0.00301381
205600 0.0144397
205700 0.00545082
205800 0.0107364
205900 0.0075459
206000 0.0108274
206100 0.00592236
206200 -0.00183192
206300 0.00428863
206400 0.000963712
206500 0.000633026
206600 0.00347376
206700 0.00521575
206800 0.000904766
206900 0.00916855
207000 0.00492163
207100 0.00777958
207200 0.00718292
207300 0.0069929
207400 0.00913238
207500 0.0106941
207600 0.00778012
207700 0.00873636
207800 0.0039692
207900 0.00120944
208000 0.00184657
208100 0.00677175
208200 0.00582157
208300 0.00318593
208400 0.00516597
208500 0.009748
208600 0.0125615
208700 0.00286946
208800 0.010181
208900 -0.00379215
209000 0.00410753
209100 0.00925646
209200 0.0109421
209300 0.0030192
209400 0.00529066
209500 0.00486652
209600 0.00260141
209700 -0.000744133
209800 0.00139757
209900 0.00413254
210000 -0.0011202
210100 0.00597069
210200 0.00467694
210300 0.00261519
210400 0.00561999
210500 0.00479958
210600 0.00505564
210700 0.00606735
210800 0.0102846
210900 0.00444808
211000 0.00822088
211100 0.000467181
211200 0.00547296
211300 0.0032697
211400 0.00354323
211500 0.00393781
211600 0.0059948
211700 0.00487685
211800 0.0057254
211900 0.00773219
212000 0.00578019
212100 -0.00214856
212200 0.00511172
212300 0.00166801
212400 0.00464091
212500 0.00742432
212600 0.00556409
212700 0.00348404
212800 0.00695402
212900 0.00306678
213000 -0.00302566
213100 0.00593501
213200 0.00523511
213300 0.00175541
213400 0.00152947
213500 0.00109318
213600 0.00672866
213700 0.000877539
213800 0.00878437
213900 0.00471412
214000 0.00947918
214100 0.00594
214200 0.00296239
214300 0.000944482
214400 0.00426041
214500 0.00448501
214600 0.0073755
214700 0.00610419
214800 0.0110044
214900 0.00116349
215000 0.0141337
215100 0.00204922
215200 0.00317214
215300 0.00282686
215400 0.00720824
215500 0.00743073
215600 0.00413664
215700 0.0086247
215800 0.00754743
215900 0.00621066
216000 0.000777338
216100 0.00714857
216200 0.00210013
216300 0.00294585
216400 -0.00339427
216500 0.0103476
216600 0.00335123
216700 0.00968489
216800 0.00564602
216900 0.00761623
217000 0.00920828
217100 -0.00346866
217200 -0.00156493
217300 0.00553919
217400 0.0022449
217500 0.00900348
217600 0.00535988
217700 0.00337229
217800 0.00195396
217900 0.00260782
218000 0.00840396
218100 0.00174184
218200 0.0102553
218300 0.00207265
218400 0.0073235
218500 0.00643468
218600 0.00795597
218700 0.00507844
218800 0.00179883
218900 0.00637057
219000 0.00729756
219100 0.00616673
219200 0.00374219
219300 0.004977
219400 0.00616811
219500 0.00623226
219600 0.00754092
219700 0.00602389
219800 0.00478613
219900 -0.00243689
220000 0.00537833
220100 0.00600576
220200 0.00842072
220300 0.0117435
220400 0.00450735
220500 1.72876e-05
220600 0.0108369
220700 0.00506238
220800 0.00732597
220900 0.0103539
221000 0.0110847
221100 0.00283383
221200 -0.000662649
221300 0.00705427
221400 0.00256991
221500 0.00885969
221600 0.00923856
221700 0.00406912
221800 0.0113836
221900 0.0119615
222000 0.00727806
222100 0.00245821
222200 0.0158875
222300 0.000368952
222400 0.00871015
222500 0.00560168
222600 -0.000580432
222700 0.0106293
222800 0.00529974
222900 0.0122817
223000 0.00298875
223100 -0.00125551
223200 0.00446272
223300 0.00237582
223400 0.010346
223500 -0.00513508
223600 0.00245236
223700 0.00593483
223800 0.00375663
223900 0.00345446
224000 0.0106645
224100 0.00435687
224200 0.00613203
224300 0.000987003
224400 0.000206455
224500 0.00143686
224600 0.00488735
224700 0.0102584
224800 0.0079434
224900 0.00401748
225000 0.00768552
225100 0.00211701
225200 0.00645492
225300 0.0045712
225400 0.0113062
225500 0.00915657
225600 0.00433166
225700 0.000525757
225800 0.00223846
225900 0.00897725
226000 0.00851879
226100 0.00935902
226200 0.00587136
226300 0.00125244
226400 0.00685497
226500 0.00373088
226600 0.00481361
226700 0.00943811
226800 0.00849045
226900 0.00115443
227000 0.00380162
227100 0.0120905
227200 0.00900051
227300 0.00257509
227400 -0.0012897
227500 0.00449173
227600 0.00330772
227700 0.00544331
227800 0.00206769
227900 0.00184361
228000 0.00311099
228100 0.0112373
228200 0.00322212
228300 0.00228924
228400 0.00433358
228500 0.006529
228600 0.0105628
228700 0.0089015
228800 0.000175396
228900 0.00947528
229000 0.00105126
229100 0.00363617
229200 0.00731096
229300 0.00480923
229400 0.00255962
229500 0.0042472
229600 0.00268872
229700 0.00456504
229800 0.00489005
229900 0.00978106
230000 0.0032632
230100 0.00477001
230200 0.00358125
230300 0.00570377
230400 0.00650012
230500 0.00663881
230600 0.00394845
230700 0.0033735
230800 0.00393721
230900 0.00438203
231000 0.00647127
231100 0.00202043
231200 0.0038959
231300 0.00142304
231400 -0.00176216
231500 0.00510707
231600 0.00571953
231700 0.00260962
231800 0.00195929
231900 0.00821124
232000 0.00780478
232100 0.00614086
232200 0.00340761
232300 0.0118089
232400 0.00895771
232500 0.000371498
232600 0.00343596
232700 -0.00253201
232800 0.000420488
232900 0.00426562
233000 0.00957718
233100 0.010612
233200 0.00344116
233300 -0.00358137
233400 0.000777488
233500 0.00431601
233600 0.0080011
233700 0.00870399
233800 0.0113067
233900 0.00588696
234000 0.00847573
234100 0.00736182
234200 0.00851484
234300 0.00625147
234400 0.00343305
234500 0.00730852
234600 0.00613874
234700 0.00669006
234800 0.00769419
234900 0.00713062
235000 0.00568585
235100 0.00064998
235200 0.00163681
235300 0.00495308
235400 0.00222958
235500 0.00564996
235600 0.00102567
235700 -0.000220794
235800 0.00496902
235900 0.00390947
236000 0.00539211
236100 0.00761665
236200 0.00628855
236300 0.00966929
236400 0.00722595
236500 0.00754952
236600 0.00428077
236700 0.00645955
236800 0.00681224
236900 0.00824155
237000 0.00589754
237100 0.00891399
237200 0.00896129
237300 0.00573303
237400 0.0135215
237500 0.00813814
237600 0.00151425
237700 -0.00196139
237800 0.0046879
237900 0.00846759
238000 -0.00134093
238100 0.0108971
238200 0.00945504
238300 -0.00335063
238400 0.00416629
238500 0.00611759
238600 0.00690219
238700 0.00775941
238800 0.00899569
238900 -0.00207669
239000 0.00937388
239100 0.00272936
239200 0.00873256
239300 0.00797077
239400 0.00426044
239500 -0.000699215
239600 0.00580028
239700 0.00347185
239800 0.00954498
239900 0.00198005
240000 0.000729678
240100 0.00255342
240200 0.00349028
240300 0.00541313
240400 0.011494
240500 0.00807347
240600 0.000252137
240700 0.0087239
240800 0.00531755
240900 0.00948384
241000 0.0110532
241100 0.00721302
241200 0.0071302
241300 0.00999667
241400 0.00775551
241500 0.00264769
241600 0.0046399
241700 0.00310587
241800 -0.00247077
241900 0.00475085
242000 0.00576977
242100 0.00288292
242200 0.00526085
242300 0.00702999
242400 0.00911815
242500 -8.782e-05
242600 0.00112104
242700 0.000775397
242800 0.00021544
242900 0.00424339
243000 0.00498897
243100 0.00747146
243200 -0.00210475
243300 0.00195358
243400 0.00533706
243500 0.00527823
243600 0.00636027
243700 0.00650534
243800 0.0020315
243900 0.00177183
244000 0.0074608
244100 0.00664712
244200 0.00627136
244300 0.000694282
244400 0.0059734
244500 -0.00336423
244600 0.00491538
244700 0.0063601
244800 0.0123162
244900 0.00443609
245000 0.00491348
245100 -0.00087775
245200 0.00531404
245300 0.00238156
245400 0.00303955
245500 0.00488083
245600 0.00122042
245700 0.00585359
245800 0.0136939
245900 0.00750106
246000 0.00818161
246100 0.00663164
246200 0.0079041
246300 0.00354189
246400 0.00559763
246500 -0.00243697
246600 0.00562007
246700 0.00677729
246800 0.0027194
246900 0.00285815
247000 -0.000562044
247100 0.00706492
247200 -0.000497035
247300 0.00116223
247400 0.00512058
247500 0.0124145
247600 0.00584299
247700 0.0096221
247800 0.00255311
247900 0.00223295
248000 0.00770395
248100 0.00376346
248200 0.0115078
248300 0.00261267
248400 0.00305944
248500 0.0046818
248600 0.00475171
248700 0.00470702
248800 0.00403803
248900 0.00422934
249000 0.00352688
249100 0.00390624
249200 0.00502934
249300 0.00800774
249400 0.00531722
249500 0.00324661
249600 0.00756937
249700 0.00582102
249800 0.0121725
249900 -0.000799076
250000 0.00307551
250100 0.00104274
250200 0.00693596
250300 0.00922163
250400 0.00822724
250500 0.0120289
250600 0.00870682
250700 0.00200469
250800 0.0059407
250900 0.00633128
251000 0.0058695
251100 0.00230231
251200 0.00656543
251300 0.00875233
251400 0.0102388
251500 0.00406293
251600 0.00738119
251700 0.00303482
251800 0.00430643
251900 9.24399e-05
252000 0.00589166
252100 0.00571838
252200 0.00399249
252300 0.00515776
252400 0.00615741
252500 0.0034658
252600 0.00751028
252700 0.00571529
252800 0.00576466
252900 0.00394521
253000 0.00439587
253100 0.000487071
253200 0.00105884
253300 0.00436732
253400 0.00813813
253500 0.00570823
253600 0.00593044
253700 0.0024784
253800 0.0063521
253900 0.00628962
254000 0.00332971
254100 0.00855192
254200 0.00429163
254300 0.00124169
254400 0.00252946
254500 0.00458871
254600 0.00645867
254700 0.00341364
254800 0.0044844
254900 0.00555027
255000 0.010018
255100 0.00219249
255200 0.00500342
255300 0.000637509
255400 7.24233e-06
255500 0.000973369
255600 0.00215165
255700 0.00531399
255800 0.00093604
255900 0.00282527
256000 0.00117394
256100 0.00711902
256200 0.00222358
256300 0.0114153
256400 0.00958283
256500 0.011787
256600 0.00602122
256700 0.00771393
256800 0.00616353
256900 0.00652675
257000 0.00210311
257100 7.20543e-05
257200 0.00137143
257300 0.00765519
257400 -0.000329961
257500 0.00813049
257600 0.00434309
257700 0.0033583
257800 0.0078956
257900 0.00875291
258000 0.00502556
258100 0.00789727
258200 0.00578541
258300 0.0118722
258400 -3.74164e-06
258500 0.0100426
258600 0.00164636
258700 0.00835493
258800 -0.000864329
258900 0.00541561
259000 0.0103229
259100 0.0031702
259200 0.00111899
259300 0.00122907
259400 0.00325132
259500 0.00957838
259600 0.00975729
259700 0.00325583
259800 0.00628098
259900 0.0130983
260000 0.00755118
260100 0.00841496
260200 0.0061651
260300 0.00385096
260400 0.00419007
260500 0.00635013
260600 0.00781027
260700 0.00680721
260800 0.0010429
260900 0.00716063
261000 0.00394384
261100 0.00716671
261200 0.0061942
261300 0.0113017
261400 0.0133794
261500 0.00928606
261600 0.004751
261700 0.00579867
261800 0.0086375
261900 0.00405839
262000 0.0108521
262100 -0.0011622
262200 0.000718689
262300 0.00277371
262400 -0.000214399
262500 0.00344667
262600 0.00953666
262700 0.00387495
262800 0.00396707
262900 0.00723866
263000 0.00402877
263100 -0.00479155
263200 0.00287032
263300 0.0072569
263400 0.0047339
263500 -0.00199015
263600 0.00523648
263700 -0.000111585
263800 0.000807645
263900 -0.00155932
264000 0.0108591
264100 0.0117108
264200 0.00297584
264300 -0.0045695
264400 0.00462831
264500 0.00464483
264600 0.00617172
264700 0.00610984
264800 0.0109953
264900 0.0103929
265000 0.00542357
265100 -0.00502535
265200 -0.00251446
265300 0.00221335
265400 0.00302865
265500 0.00897879
265600 0.00393067
265700 0.0020437
265800 0.000880479
265900 0.00603678
266000 0.00670576
266100 0.00536073
266200 0.002027
266300 0.00710016
266400 0.00370835
266500 0.00478105
266600 0.0056509
266700 0.00924589
266800 0.00253509
266900 0.0053714
267000 0.00291373
267100 0.00453026
267200 0.00442902
267300 0.00232792
267400 0.00674891
267500 0.00490801
267600 -0.00134065
267700 0.00269157
267800 0.00265543
267900 0.00163783
268000 0.00176333
268100 0.00593443
268200 0.00440342
268300 0.00519636
268400 0.00704955
268500 0.00283866
268600 0.00582938
268700 0.000743221
268800 0.0135763
268900 0.00924232
269000 0.00239476
269100 0.00306325
269200 0.00741478
269300 0.0065298
269400 0.00690351
269500 0.00300987
269600 0.00685946
269700 0.00060563
269800 0.00288599
269900 0.00597598
270000 0.0100761
270100 0.00609251
270200 0.00258734
270300 0.00895533
270400 0.00501166
270500 0.00407517
270600 0.0111464
270700 0.00471349
270800 0.00421468
270900 0.00746712
271000 -0.00218093
271100 0.005306
271200 0.0062629
271300 0.00549957
271400 0.00947344
271500 0.00686865
271600 0.00662415
271700 0.00087891
271800 0.00137435
271900 0.00313557
272000 0.00653786
272100 0.0101267
272200 0.00496229
272300 0.00210638
272400 0.00164693
272500 0.000511705
272600 -0.00117917
272700 0.00258115
272800 0.0051987
272900 0.00693499
273000 0.00585148
273100 0.00577801
273200 0.00012241
273300 -0.00122495
273400 -0.00168261
273500 0.00464011
273600 0.00419498
273700 0.00666094
273800 -0.00432119
273900 0.00221524
274000 0.0042274
274100 0.00667011
274200 0.00796458
274300 0.0125611
274400 0.0039238
274500 0.00762485
274600 0.0115288
274700 -0.00308467
274800 0.00454192
274900 0.00514961
275000 0.00753327
275100 0.0051614
275200 0.00765058
275300 0.00446002
275400 0.0048562
275500 0.00577807
275600 0.00791605
275700 0.00841014
275800 0.00421746
275900 0.0017632
276000 0.00292338
276100 0.00026913
276200 0.00399506
276300 0.00376047
276400 0.0043352
276500 0.0101921
276600 0.00776952
276700 0.00190302
276800 0.00813671
276900 0.0119698
277000 0.0126526
277100 0.00476557
277200 0.0106624
277300 0.00962076
277400 0.00690251
277500 0.00742631
277600 0.0107963
277700 0.00548236
277800 0.0076913
277900 0.0126058
278000 0.00743408
278100 0.00315316
278200 -0.00142029
278300 0.00976758
278400 0.000714356
278500 0.00421225
278600 0.00690879
278700 0.00354093
278800 -0.00166211
278900 0.00439723
279000 0.0033181
279100 0.00427438
279200 0.0105102
279300 0.001498
279400 0.00485215
279500 0.00972491
279600 0.00506238
279700 0.00145735
279800 -0.00321104
279900 0.00158958
280000 0.00554646
280100 0.0022428
280200 0.00358467
280300 0.00564881
280400 0.00971569
280500 0.00874543
280600 0.00796549
280700 0.00273745
280800 0.0105731
280900 0.00836599
281000 0.00377349
281100 -0.000337692
281200 0.00254831
281300 0.00293094
281400 0.00457035
281500 0.00833291
281600 0.00668999
281700 0.00357808
281800 0.00237559
281900 0.00836823
282000 0.00313173
282100 0.0052051
282200 0.00705421
282300 0.0059598
282400 0.00549448
282500 0.00874265
282600 0.00102416
282700 0.001684
282800 0.00324875
282900 0.0057597
283000 0.00435437
283100 0.0100645
283200 0.00687031
283300 -0.00135021
283400 0.0100493
283500 0.00282187
283600 0.00385273
283700 0.00813839
283800 0.00516247
283900 0.00755962
284000 0.0120642
284100 0.00290053
284200 0.00473936
284300 -0.00116632
284400 0.00220731
284500 0.00240493
284600 -0.000425641
284700 0.00057446
284800 0.000889528
284900 0.00154942
285000 0.012442
285100 0.00864915
285200 0.00755127
285300 0.00242052
285400 0.00782118
285500 0.00933211
285600 0.0121706
285700 0.00671978
285800 0.00857161
285900 0.00568863
286000 0.00750455
286100 0.0092321
286200 0.000543041
286300 0.00159947
286400 0.0102252
286500 0.0030977
286600 0.00569125
286700 0.00322475
286800 0.00489853
286900 0.00747141
287000 -0.0018627
287100 0.00680035
287200 0.003036
287300 0.00112708
287400 0.00671847
287500 0.000361342
287600 0.000427646
287700 0.00994421
287800 0.00520408
287900 0.00449141
288000 0.0118973
288100 0.00781424
288200 0.00416866
288300 0.00507705
288400 -0.00138846
288500 0.00755212
288600 0.00521682
288700 0.00681934
288800 0.00610272
288900 0.0016806
289000 0.00469038
289100 -0.000361262
289200 0.00848331
289300 0.00363649
289400 0.0117152
289500 0.00813238
289600 0.00368646
289700 0.0132195
289800 0.0117794
289900 0.00202808
290000 8.21155e-05
290100 0.00734576
290200 9.41021e-05
290300 -0.00272681
290400 0.00844834
290500 0.00990245
290600 0.00134082
290700 0.00570594
290800 0.00485054
290900 0.00386683
291000 0.00539813
291100 0.00541065
291200 0.00976302
291300 0.00630098
291400 0.00681429
291500 0.00425744
291600 0.0112945
291700 0.00364556
291800 0.0087324
291900 0.00657034
292000 0.0015414
292100 0.00802507
292200 -0.0037857
292300 0.00451385
292400 0.00958622
292500 0.0121025
292600 0.00742721
292700 0.00689123
292800 -0.000305559
292900 0.0081687
293000 0.00629155
293100 0.00355354
293200 0.00785736
293300 0.0087
293400 -0.000143731
293500 0.00558807
293600 0.00837057
293700 0.00805867
293800 0.00043403
293900 0.00244463
294000 0.00250532
294100 0.00562042
294200 0.00678071
294300 0.00642885
294400 0.00510884
294500 0.00431799
294600 0.00781802
294700 0.00242641
294800 0.00697622
294900 0.0111566
295000 0.0125019
295100 0.00681116
295200 0.00331308
295300 -0.00174069
295400 0.00505071
295500 0.00348385
295600 0.00306454
295700 0.015441
295800 0.00296305
295900 0.00562452
296000 0.0101352
296100 0.00632877
296200 0.003657
296300 0.00451396
296400 0.00380757
296500 0.00615591
296600 -0.00157886
296700 0.00149059
296800 0.00493487
296900 0.0132812
297000 0.00391107
297100 -0.00295517
297200 0.00857281
297300 0.0100728
297400 0.0087887
297500 0.00107517
297600 0.00829912
297700 0.00611374
297800 0.0087246
297900 0.00478393
298000 0.00249516
298100 0.00773698
298200 0.00952282
298300 0.00139813
298400 0.00381675
298500 0.011875
298600 0.00893009
298700 0.00507147
298800 -0.00122069
298900 0.00795146
299000 -0.00184752
299100 0.00352722
299200 0.0101324
299300 -0.000702646
299400 -7.39281e-05
299500 0.00166017
299600 0.00464079
299700 0.0130403
299800 0.00381687
299900 0.00294582
300000 0.00319055
300100 0.0049543
300200 0.00334645
300300 0.004482
300400 0.00577702
300500 0.0091821
300600 0.00341905
300700 0.00370495
300800 0.00862091
300900 0.00578597
301000 -0.000798181
301100 0.00401616
301200 0.00770505
301300 0.00561748
301400 0.00298258
301500 0.00089474
301600 -0.00159664
301700 0.00721705
301800 0.00518807
301900 0.010582
302000 0.00687971
302100 0.0148654
302200 0.00697437
302300 0.00414761
302400 0.00232075
302500 0.00639599
302600 0.00530846
302700 0.00139492
302800 0.00391566
302900 0.00257606
303000 0.00171972
303100 0.00214658
303200 0.00346063
303300 0.000842619
303400 0.0117849
303500 0.0154817
303600 0.00564915
303700 0.00613073
303800 0.00557512
303900 0.00555934
304000 0.00472611
304100 0.00899598
304200 0.000914538
304300 0.0070811
304400 0.00700032
304500 0.00307728
304600 0.00578002
304700 9.02303e-05
304800 0.00108797
304900 0.0110183
305000 -0.000684241
305100 0.00134027
305200 0.00677717
305300 0.0121769
305400 0.00488126
305500 -0.000631423
305600 0.00387211
305700 0.00659201
305800 0.00519098
305900 0.00418228
306000 0.00213602
306100 0.00378326
306200 0.00630275
306300 0.0094295
306400 0.00620338
306500 0.0111785
306600 0.00446406
306700 0.0114081
306800 0.00330212
306900 0.00163794
307000 0.00364322
307100 0.0109354
307200 0.00498499
307300 0.00243112
307400 0.00121269
307500 0.00578073
307600 0.0047489
307700 0.0069937
307800 0.0119993
307900 -0.00279293
308000 0.000376739
308100 0.00586982
308200 0.00340257
308300 0.00211935
308400 0.00119805
308500 0.00466718
308600 0.00709006
308700 0.00706942
308800 0.00410777
308900 -0.000350867
309000 0.00518496
309100 0.0076062
309200 0.00462518
309300 0.00379887
309400 0.00421338
309500 0.00109357
309600 0.00460645
309700 0.00833989
309800 0.00522587
309900 0.00222504
310000 -0.0028237
310100 0.00327873
310200 0.00267252
310300 0.00202096
310400 0.00145829
310500 0.00584647
310600 0.0039485
310700 0.0079537
310800 0.00683634
310900 0.00539748
311000 -0.0021206
311100 0.0075151
311200 0.00749801
311300 0.00691581
311400 0.00434695
311500 0.00820073
311600 0.00541908
311700 0.00426373
311800 0.00444303
311900 0.00477602
312000 0.00505318
312100 -2.67319e-06
312200 0.00622113
312300 0.00577236
312400 -0.000644101
312500 0.0101901
312600 0.00602607
312700 0.00411935
312800 0.00510269
312900 0.00343802
313000 0.00786495
313100 0.00937824
313200 0.00575444
313300 0.00496174
313400 0.00429087
313500 0.00807455
313600 0.00297631
313700 0.000731713
313800 0.00599245
313900 0.00449865
314000 0.00265581
314100 -0.00233686
314200 0.0131963
314300 0.00806085
314400 0.00605891
314500 0.00354392
314600 0.010603
314700 0.0136191
314800 0.00425866
314900 0.000264294
315000 0.00285803
315100 0.00622509
315200 0.00928613
315300 0.00686588
315400 0.00151658
315500 0.00260168
315600 0.0126993
315700 0.00692952
315800 0.00658783
315900 0.00706286
316000 0.00595227
316100 0.0003108
316200 0.0098756
316300 0.00469594
316400 0.00756205
316500 -0.000967562
316600 0.00436685
316700 0.00233649
316800 0.00306133
316900 0.00390751
317000 0.000513491
317100 0.00431389
317200 0.000580378
317300 -0.00155754
317400 0.00517024
317500 0.0049768
317600 0.00326478
317700 0.00292456
317800 0.0049235
317900 0.0002411
318000 0.00439677
318100 0.0023115
318200 0.000177095
318300 0.0108505
318400 0.00425906
318500 0.00071269
318600 -2.52415e-05
318700 0.0069918
318800 0.000896793
318900 -0.000301711
319000 0.00141627
319100 0.00583728
319200 0.00342031
319300 0.00171234
319400 0.00809537
319500 0.00391745
319600 0.000975924
319700 0.00342082
319800 0.00512335
319900 0.00175899
320000 0.0115352
320100 -0.000431052
320200 0.00610708
320300 0.00808365
320400 0.00445656
320500 -0.000544509
320600 -0.00269675
320700 0.0102734
320800 0.00551784
320900 0.0066066
321000 0.00480559
321100 0.00718845
321200 0.00883798
321300 0.00703019
321400 0.00517139
321500 0.00542817
321600 0.00776364
321700 0.00309087
321800 0.00707261
321900 0.00723484
322000 0.0037931
322100 0.00168607
322200 0.00819424
322300 0.00524377
322400 0.00599311
322500 0.0063177
322600 0.00571021
322700 -0.00141228
322800 -0.00108773
322900 0.00538114
323000 0.00433227
323100 0.00931381
323200 0.00320983
323300 0.0091592
323400 0.00996346
323500 0.00443069
323600 0.00445849
323700 0.00368801
323800 0.00154983
323900 0.00942628
324000 0.0102588
324100 0.000900533
324200 0.00334787
324300 0.00168714
324400 0.00546739
324500 0.0099239
324600 0.012389
324700 0.00887419
324800 0.007187
324900 0.00229026
325000 0.00103227
325100 0.000911849
325200 0.00479756
325300 0.00431012
325400 0.00664713
325500 0.00273638
325600 0.00241133
325700 0.00329077
325800 0.00624569
325900 0.00389029
326000 0.00139996
326100 0.00647147
326200 0.00782386
326300 0.0105875
326400 0.00325035
326500 0.00983276
326600 0.0123155
326700 0.00469436
326800 0.00638359
326900 0.00623209
327000 0.00683128
327100 0.00612636
327200 0.00208349
327300 0.00533412
327400 0.00866956
327500 0.00714526
327600 0.00549945
327700 0.00309475
327800 -0.000261623
327900 -0.0010566
328000 0.0115724
328100 0.0090385
328200 -0.0013639
328300 0.00621885
328400 -0.00117681
328500 0.00467437
328600 0.000353605
328700 0.0069435
328800 0.00848675
328900 0.00884559
329000 0.00292868
329100 0.0114449
329200 -0.000416908
329300 0.00773691
329400 -0.00280097
329500 0.00979621
329600 0.00038348
329700 0.00492751
329800 0.00784698
329900 0.00581773
330000 -0.000464808
330100 0.0121232
330200 0.0050793
330300 0.00595391
330400 0.00975503
330500 0.0128497
330600 0.00373401
330700 0.00423052
330800 -0.000434543
330900 0.000403621
331000 0.000905397
331100 -0.00551492
331200 0.000728471
331300 0.00719628
331400 0.00735169
331500 0.00649673
331600 0.00546109
331700 0.00603281
331800 -0.000380655
331900 -0.000644983
332000 0.00270152
332100 0.00513747
332200 0.0128742
332300 0.000821796
332400 0.00236591
332500 0.00651965
332600 0.00904664
332700 0.00217737
332800 0.00836377
332900 0.00155534
333000 0.00124511
333100 0.0151366
333200 0.00383342
333300 0.00342585
333400 0.0120937
333500 0.00821556
333600 0.00733214
333700 0.00339373
333800 0.00215048
333900 0.00913953
334000 0.00143099
334100 0.00253428
334200 0.00696188
334300 0.00285328
334400 0.00177339
334500 -0.00319984
334600 0.00213465
334700 0.0029602
334800 0.00823623
334900 0.0165299
335000 0.0071487
335100 0.002246
335200 -0.00328102
335300 0.008688
335400 0.0090851
335500 0.00553919
335600 0.0135864
335700 0.00972743
335800 0.00269455
335900 -0.00505572
336000 -0.00192777
336100 0.0076502
336200 0.00292329
336300 0.00300388
336400 0.00909765
336500 0.00977773
336600 0.00460175
336700 0.00720763
336800 0.00505089
336900 0.00157313
337000 0.00242095
337100 0.00530721
337200 0.00428858
337300 0.00937046
337400 0.00180588
337500 0.00167474
337600 0.00561962
337700 0.00421615
337800 0.00420362
337900 0.000827508
338000 0.00334272
338100 0.00514838
338200 0.0103036
338300 0.00120729
338400 0.00801798
338500 0.00795797
338600 0.00119768
338700 0.00638986
338800 0.0010105
338900 -0.000489062
339000 0.000480518
339100 0.00912869
339200 0.00809721
339300 0.00870566
339400 -0.00102204
339500 0.003042
339600 -0.000332228
339700 -0.000504516
339800 0.0095568
339900 0.0054296
340000 0.00891663
340100 0.00683418
340200 0.000761981
340300 0.00751227
340400 0.00341898
340500 0.00655243
340600 0.00753917
340700 0.00984074
340800 0.00446736
340900 0.00601419
341000 0.00747851
341100 -0.00136549
341200 -0.00116055
341300 0.00634954
341400 0.00249904
341500 -0.00142399
341600 0.00397553
341700 0.00182607
341800 -0.000133332
341900 0.00275476
342000 0.00719268
342100 0.00079478
342200 0.00827946
342300 0.00480953
342400 0.00359488
342500 0.0061856
342600 0.00955574
342700 0.00701928
342800 0.000389993
342900 -0.00102162
343000 0.00888371
343100 0.00708694
343200 0.000510719
343300 0.00444355
343400 0.0113527
343500 0.00506582
343600 0.0021041
343700 0.01111
343800 0.00891142
343900 0.00328148
344000 0.00155253
344100 0.00817704
344200 0.0140861
344300 -0.000365067
344400 0.00167148
344500 0.00406038
344600 0.00547146
344700 0.00754922
344800 0.00480265
344900 0.00536805
345000 0.00200268
345100 0.00245402
345200 0.00765974
345300 0.00390923
345400 -0.00459008
345500 0.0112289
345600 0.00863447
345700 0.00461812
345800 0.00473768
345900 0.00422459
346000 0.00701227
346100 0.00404208
346200 0.00591758
346300 0.00439976
346400 0.00932667
346500 -0.00010667
346600 0.00918303
346700 0.00650391
346800 0.00723877
346900 0.0102343
347000 0.00642088
347100 0.00788946
347200 0.0011061
347300 0.00414456
347400 0.00332717
347500 0.00316117
347600 0.00171225
347700 0.0061926
347800 0.00561478
347900 0.0014145
348000 0.00367926
348100 0.00603595
348200 0.00689242
348300 0.00552868
348400 0.00579167
348500 0.00549
348600 0.0072629
348700 0.00583574
348800 0.0072933
348900 0.00281238
349000 0.0096202
349100 0.00590383
349200 0.00542518
349300 0.00804682
349400 0.009718
349500 0.00420259
349600 0.00767798
349700 0.0053197
349800 0.00203088
349900 0.00297715
350000 0.00540392
